Index of Gen, I#1: Average Value of Gen, I#2: Average Value of Gen, I#3: Average Value of Gen, I#4: Average Value of Gen, 
0,458.422,257.926,426.988,338.037,
1,709.117,560.255,627.341,613.568,
2,861.082,740.808,764.486,763.495,
3,986.859,872.74,876.021,769.713,
4,1087.69,946.705,959.222,769.713,
5,1155.06,1018.09,1121.43,769.713,
6,1212.22,1113.07,1191.29,769.713,
7,1249.92,1224.77,1271.82,769.713,
8,1276.56,1309.52,1324.67,769.713,
9,1282.6,1352.44,1344.48,769.713,
10,1292.08,1424.81,1393.67,769.713,
11,1309.61,1499.49,1454.01,769.713,
12,1309.32,1554.71,1526.56,769.713,
13,1314.15,1626.2,1588.23,769.713,
14,1321.38,1678.04,1598.19,769.713,
15,1325.12,1725.6,1605.03,769.713,
16,1332.58,1748.63,1658.11,769.713,
17,1329.22,1801.95,1669.19,769.713,
18,1315.08,1857.74,1721.35,769.713,
19,1318.44,1936.07,1778.79,769.713,
20,1307.4,2001.45,1839.89,769.713,
21,1306.58,2075.57,1869.2,769.713,
22,1322.53,2112.55,1874.92,769.713,
23,1326.84,2144.31,1923.27,769.713,
24,1337.79,2210.34,1994.47,769.713,
25,1334.79,2245.59,2007.07,769.713,
26,1343.33,2278.07,2008.82,769.713,
27,1339.7,2343.46,2028.7,769.713,
28,1328.36,2372.85,2051.17,769.713,
29,1331.59,2419.2,2076.5,769.713,
30,1333.72,2457.65,2102.04,769.713,
31,1332.46,2508.45,2108.18,769.713,
32,1336.62,2548.33,2177.86,769.713,
33,1333.12,2612.08,2245.87,769.713,
34,1336.92,2700.28,2278.88,769.713,
35,1339.76,2713.29,2278.88,769.713,
36,1337.99,2715.45,2283.41,769.713,
37,1326.89,2717.14,2305.15,769.713,
38,1325.51,2721.67,2321.02,769.713,
39,1319.57,2722.24,2416.59,769.713,
40,1331.32,2775.26,2466.32,769.713,
41,1338.5,2819.04,2505.53,769.713,
42,1344.72,2879.53,2581.4,769.713,
43,1345.76,2914.48,2601.73,769.713,
44,1342.83,2936.61,2700.37,769.713,
45,1349.87,2941.27,2792.13,769.713,
46,1349.55,2943.48,2872.63,769.713,
47,1349.35,2969.68,2901.49,769.713,
48,1348.32,2990.15,2939.15,769.713,
49,1338.9,3009.16,2939.15,769.713,
50,1342.87,3026.61,2939.15,769.713,
51,1337.35,3047.57,2939.15,769.713,
52,1328.83,3084.97,2939.15,769.713,
53,1324.13,3092.81,2939.15,769.713,
54,1326.79,3155.78,2947.45,769.713,
55,1330.14,3248.71,2949.86,769.713,
56,1331.11,3258.61,2978.84,769.713,
57,1330.11,3278.13,2983.95,769.713,
58,1327.9,3317.88,2983.95,769.713,
59,1329.51,3318.78,2983.95,769.713,
60,1335.59,3369.35,2983.95,769.713,
61,1333.84,3417.31,3001.63,769.713,
62,1325.85,3419.76,3013.41,769.713,
63,1322.1,3417.62,3013.41,769.713,
64,1300.66,3425.96,3015.56,769.713,
65,1308.16,3442.82,3034.87,769.713,
66,1316.2,3448.54,3136.85,769.713,
67,1320.88,3452.63,3151.36,769.713,
68,1326.11,3482.88,3207.09,769.713,
69,1329.15,3523.11,3221.86,769.713,
70,1331.92,3552.8,3227.06,769.713,
71,1324.19,3557.22,3229.82,769.713,
72,1325.28,3564.28,3232.09,769.713,
73,1320.61,3601.26,3273.25,769.713,
74,1327.91,3647.06,3311.85,769.713,
75,1330.34,3651.15,3313.32,769.713,
76,1335.85,3682.8,3344.58,769.713,
77,1331.93,3728.09,3363.16,769.713,
78,1335.14,3745.84,3369.21,769.713,
79,1325.62,3751.28,3378.64,769.713,
80,1317.1,3758.63,3384.4,769.713,
81,1314.56,3789.9,3393.43,769.713,
82,1318.53,3858.6,3435.99,769.713,
83,1329.25,3858.6,3436.42,769.713,
84,1327.39,3860.07,3447.01,769.713,
85,1327.48,3859.78,3455.38,769.713,
86,1322.31,3859.78,3455.38,769.713,
87,1322.79,3859.78,3455.38,769.713,
88,1323.43,3859.66,3455.38,769.713,
89,1330.09,3864.58,3455.38,769.713,
90,1330.77,3923.62,3455.38,769.713,
91,1338.45,3997.76,3455.38,769.713,
92,1336.98,4031.16,3455.38,769.713,
93,1332.15,4046.22,3455.38,769.713,
94,1334.71,4068.81,3455.39,769.713,
95,1330.28,4068.81,3455.43,769.713,
96,1317.96,4083.37,3455.43,769.713,
97,1315.18,4102.38,3458.11,769.713,
98,1321.16,4113.57,3482.67,769.713,
99,1327.15,4128.9,3529.95,769.713,
100,1339.03,4136.56,3538.25,769.713,
101,1343.88,4155.66,3538.34,769.713,
102,1345.37,4168.01,3547.43,769.713,
103,1334.07,4193.4,3577.38,769.713,
104,1336.56,4193.4,3596.03,769.713,
105,1341.51,4193.4,3598.07,769.713,
106,1341.39,4193.4,3606.2,769.713,
107,1342.42,4193.4,3609.14,769.713,
108,1323.19,4193.4,3609.14,769.713,
109,1312.16,4199.69,3609.14,769.713,
110,1332.92,4210.16,3609.14,769.713,
111,1325.15,4264.22,3609.14,769.713,
112,1316.79,4269.1,3609.14,769.713,
113,1320.06,4271.11,3609.14,769.713,
114,1335.64,4271.34,3609.14,769.713,
115,1340.35,4271.71,3609.14,769.713,
116,1329.53,4271.98,3609.14,769.713,
117,1337.79,4273.85,3610.01,769.713,
118,1345.54,4271.98,3610.59,769.713,
119,1342.3,4271.98,3610.59,769.713,
120,1334.25,4274.69,3610.59,769.713,
121,1342.94,4283.27,3613.17,769.713,
122,1339.7,4328.48,3647.41,769.713,
123,1323.75,4330.47,3647.41,769.713,
124,1332.95,4330.63,3647.41,769.713,
125,1337.01,4338.04,3664.64,769.713,
126,1329.79,4364.63,3670.38,769.713,
127,1337.1,4411.3,3670.38,769.713,
128,1336.52,4418.41,3670.38,769.713,
129,1336.34,4423.08,3729.5,769.713,
130,1327.23,4423.08,3773.24,769.713,
131,1328.49,4423.08,3776.76,769.713,
132,1323.59,4424.19,3776.76,769.713,
133,1319.48,4423.82,3812.93,769.713,
134,1323.77,4426.42,3838.57,769.713,
135,1326.68,4429.57,3838.57,769.713,
136,1320.07,4430.5,3838.57,769.713,
137,1315.87,4430.5,3838.57,769.713,
138,1313.01,4430.5,3838.57,769.713,
139,1304.03,4430.5,3838.57,769.713,
140,1311.39,4431.16,3838.57,769.713,
141,1320.01,4432.91,3853.01,769.713,
142,1316.74,4432.91,3860.97,769.713,
143,1321.21,4432.91,3872.62,769.713,
144,1326.3,4432.91,3882.98,769.713,
145,1331.77,4433.65,3882.98,769.713,
146,1324.44,4432.91,3882.98,769.713,
147,1326.8,4432.91,3882.98,769.713,
148,1316.77,4432.91,3882.98,769.713,
149,1328.46,4432.91,3882.98,769.713,
150,1332.54,4432.91,3882.98,769.713,
151,1322.06,4432.91,3882.98,769.713,
152,1317.46,4432.91,3882.98,769.713,
153,1318.92,4432.91,3882.98,769.713,
154,1317.37,4432.91,3882.98,769.713,
155,1314.13,4432.91,3882.98,769.713,
156,1315.39,4432.91,3882.98,769.713,
157,1328.74,4432.91,3886.74,769.713,
158,1321.94,4432.91,3938.08,769.713,
159,1329.81,4432.91,3990.43,769.713,
160,1334.42,4432.91,3990.43,769.713,
161,1316.89,4432.91,3991.2,769.713,
162,1322.17,4432.91,4005.88,769.713,
163,1329.13,4433.16,4005.88,769.713,
164,1331.94,4433.14,4012.53,769.713,
165,1324.91,4433.14,4029.16,769.713,
166,1330.24,4432.91,4029.16,769.713,
167,1330.96,4432.91,4029.16,769.713,
168,1328.28,4432.91,4029.16,769.713,
169,1335.65,4450.99,4029.29,769.713,
170,1322.97,4484.58,4045.26,769.713,
171,1331.97,4484.58,4056.22,769.713,
172,1350.46,4484.58,4056.22,769.713,
173,1352.28,4484.58,4056.22,769.713,
174,1350.9,4484.58,4056.22,769.713,
175,1349.37,4484.58,4056.22,769.713,
176,1347.78,4484.58,4104.5,769.713,
177,1351.75,4484.58,4133.67,769.713,
178,1340.18,4484.58,4136.04,769.713,
179,1341.69,4484.58,4136.04,769.713,
180,1338.91,4484.58,4199.74,769.713,
181,1342.85,4484.58,4213.98,769.713,
182,1346.74,4484.58,4218.44,769.713,
183,1350.21,4484.58,4218.44,769.713,
184,1335.12,4484.58,4218.44,769.713,
185,1340.48,4484.58,4218.44,769.713,
186,1345.14,4484.58,4218.44,769.713,
187,1347.92,4484.58,4229.59,769.713,
188,1354.58,4484.58,4260.7,769.713,
189,1355.3,4484.58,4276.13,769.713,
190,1353.64,4484.58,4276.13,769.713,
191,1345.82,4484.58,4276.13,769.713,
192,1345.16,4484.58,4276.13,769.713,
193,1347.16,4484.58,4276.13,769.713,
194,1345.42,4484.58,4276.13,769.713,
195,1337.58,4484.58,4276.13,769.713,
196,1336.49,4484.58,4276.13,769.713,
197,1339.19,4484.58,4276.13,769.713,
198,1340.32,4484.58,4276.13,769.713,
199,1337.19,4484.58,4276.13,769.713,
200,4276.13,4484.58, , ,
201,4817.79,4484.58, , ,
202,4817.64,4484.58, , ,
203,4817.64,4484.58, , ,
204,4817.64,4484.58, , ,
205,4818.1,4484.58, , ,
206,4819.19,4484.58, , ,
207,4820.93,4484.58, , ,
208,4820.02,4484.58, , ,
209,4822.21,4484.58, , ,
210,4834.26,4484.58, , ,
211,4835.84,4484.58, , ,
212,4846.93,4484.58, , ,
213,4854.07,4484.78, , ,
214,4867.33,4484.58, , ,
215,4868,4484.58, , ,
216,4867.33,4484.58, , ,
217,4867.33,4484.58, , ,
218,4852.02,4484.58, , ,
219,4867.33,4484.58, , ,
220,4867.33,4484.58, , ,
221,4867.33,4484.58, , ,
222,4867.33,4484.58, , ,
223,4867.33,4484.58, , ,
224,4867.33,4484.58, , ,
225,4867.33,4484.58, , ,
226,4867.33,4484.58, , ,
227,4846.87,4484.58, , ,
228,4867.33,4476.59, , ,
229,4867.33,4484.58, , ,
230,4867.33,4484.58, , ,
231,4867.33,4484.58, , ,
232,4867.33,4484.58, , ,
233,4867.33,4484.58, , ,
234,4867.33,4484.58, , ,
235,4867.33,4484.58, , ,
236,4867.33,4484.58, , ,
237,4867.33,4484.58, , ,
238,4858.29,4484.58, , ,
239,4867.33,4484.58, , ,
240,4867.33,4484.58, , ,
241,4867.33,4484.58, , ,
242,4867.33,4484.58, , ,
243,4867.33,4484.58, , ,
244,4867.33,4484.58, , ,
245,4867.33,4484.58, , ,
246,4867.33,4484.58, , ,
247,4867.33,4484.58, , ,
248,4867.33,4484.58, , ,
249,4867.33,4484.58, , ,
250,4867.33,4484.58, , ,
251,4867.33,4484.58, , ,
252,4867.33,4484.58, , ,
253,4867.33,4484.58, , ,
254,4867.33,4484.58, , ,
255,4867.33,4484.58, , ,
256,4867.33,4484.58, , ,
257,4867.33,4484.58, , ,
258,4867.33,4488.71, , ,
259,4867.33,4496.88, , ,
260,4867.33,4501.44, , ,
261,4867.33,4517.15, , ,
262,4867.33,4516.12, , ,
263,4867.33,4515.63, , ,
264,4867.33,4513.71, , ,
265,4867.33,4513.71, , ,
266,4867.33,4514.14, , ,
267,4867.33,4513.71, , ,
268,4867.33,4513.71, , ,
269,4867.33,4513.71, , ,
270,4867.33,4513.71, , ,
271,4867.33,4513.71, , ,
272,4867.33,4513.71, , ,
273,4867.33,4513.71, , ,
274,4867.33,4513.71, , ,
275,4867.33,4513.71, , ,
276,4867.33,4513.71, , ,
277,4867.33,4513.71, , ,
278,4867.33,4513.71, , ,
279,4867.33,4513.92, , ,
280,4867.33,4514.05, , ,
281,4867.33,4513.71, , ,
282,4867.33,4513.71, , ,
283,4867.33,4509.37, , ,
284,4867.33,4513.71, , ,
285,4867.33,4514.15, , ,
286,4867.33,4517.41, , ,
287,4867.33,4522.88, , ,
288,4867.33,4531.3, , ,
289,4867.33,4531.3, , ,
290,4867.33,4531.3, , ,
291,4867.33,4531.3, , ,
292,4867.33,4536.12, , ,
293,4867.33,4542.02, , ,
294,4867.33,4548.01, , ,
295,4867.33,4552.29, , ,
296,4867.33,4565.84, , ,
297,4867.33,4571.99, , ,
298,4867.33,4572.24, , ,
299,4867.33,4571.99, , ,
300,4867.33,4571.99, , ,
301,4867.33,4571.99, , ,
302,4867.33,4601.4, , ,
303,4867.33,4640.78, , ,
304,4867.33,4640.78, , ,
305,4867.33,4640.78, , ,
306,4867.33,4640.78, , ,
307,4867.33,4640.78, , ,
308,4867.33,4640.78, , ,
309,4867.33,4640.78, , ,
310,4867.33,4640.78, , ,
311,4867.33,4644.32, , ,
312,4867.33,4654.28, , ,
313,4867.33,4654.28, , ,
314,4867.33,4654.28, , ,
315,4867.33,4654.28, , ,
316,4867.33,4654.28, , ,
317,4867.33,4654.28, , ,
318,4867.33,4654.28, , ,
319,4867.33,4654.28, , ,
320,4867.33,4654.28, , ,
321,4867.33,4654.28, , ,
322,4867.33,4659.1, , ,
323,4867.33,4664.99, , ,
324,4867.33,4664.99, , ,
325,4867.33,4664.99, , ,
326,4867.33,4664.99, , ,
327,4867.33,4664.99, , ,
328,4867.33,4664.99, , ,
329,4867.33,4664.99, , ,
330,4867.33,4664.99, , ,
331,4867.33,4664.99, , ,
332,4867.33,4664.99, , ,
333,4867.33,4664.99, , ,
334,4867.33,4662.85, , ,
335,4867.33,4664.72, , ,
336,4868.22,4664.99, , ,
337,4870.59,4664.99, , ,
338,4872.15,4664.99, , ,
339,4870.59,4673.18, , ,
340,4870.59,4705.94, , ,
341,4870.59,4705.94, , ,
342,4870.59,4705.94, , ,
343,4870.59,4705.94, , ,
344,4870.59,4705.94, , ,
345,4870.59,4705.94, , ,
346,4870.59,4705.94, , ,
347,4870.59,4705.94, , ,
348,4870.59,4705.94, , ,
349,4870.59,4705.94, , ,
350,4870.59,4705.94, , ,
351,4870.59,4705.94, , ,
352,4870.59,4705.94, , ,
353,4870.59,4705.94, , ,
354,4870.59,4705.94, , ,
355,4870.59,4705.94, , ,
356,4870.59,4705.94, , ,
357,4870.59,4705.94, , ,
358,4870.59,4705.94, , ,
359,4870.59,4705.94, , ,
360,4870.59,4705.94, , ,
361,4870.59,4705.94, , ,
362,4870.68,4705.94, , ,
363,4870.59,4705.94, , ,
364,4870.59,4705.94, , ,
365,4870.59,4705.94, , ,
366,4870.59,4705.94, , ,
367,4870.59,4705.94, , ,
368,4870.59,4705.94, , ,
369,4870.59,4705.94, , ,
370,4870.59,4705.94, , ,
371,4870.59,4705.94, , ,
372,4870.73,4705.94, , ,
373,4870.73,4711.03, , ,
374,4870.59,4716.65, , ,
375,4870.59,4716.65, , ,
376,4870.59,4716.76, , ,
377,4870.59,4719.01, , ,
378,4870.59,4721.02, , ,
379,4870.59,4729.08, , ,
380,4870.59,4732.22, , ,
381,4870.59,4750.14, , ,
382,4870.59,4758.05, , ,
383,4870.59,4768.47, , ,
384,4870.59,4768.5, , ,
385,4870.59,4768.67, , ,
386,4870.59,4768.87, , ,
387,4870.59,4770.02, , ,
388,4870.59,4771.86, , ,
389,4870.59,4772.33, , ,
390,4870.59,4790.05, , ,
391,4870.59,4816.52, , ,
392,4870.59,4815.89, , ,
393,4853.26,4817.64, , ,
394,4871.25,4817.64, , ,
395,4870.59,4817.64, , ,
396,4870.59,4817.64, , ,
397,4832.9,4817.64, , ,
398,4840.93,4817.64, , ,
399,4842.17,4817.64, , ,
400,4851.21, , , ,
401, , , , ,
