500
100
100
889.663
537.673
8959.7
16
9.6
-82.56
0.971946
0.970885
6.22576e+35
0.293559
0.499618
0.518055
905.487
779.885
1129.16
16
12.1
-134.31
1
0.788184
6.22576e+35
0.267728
0.547581
0.57225
1004.09
955.742
449.146
17
13.02
-156.5
0.971946
0.788184
6.22576e+35
0.270415
0.534613
0.532171
1186.31
1122.14
580.899
16
14.03
-182.811
0.385833
0.88585
6.22576e+35
0.296137
0.596458
0.492242
1276.63
1231.69
431.557
17
14.78
-203.668
0.387584
0.788184
6.22576e+35
0.316823
0.519381
0.430279
1365.47
1343.84
127.239
18
15.92
-237.526
0.395954
0.551075
6.22576e+35
0.320605
0.5
0.419718
1457.14
1423.29
232.827
18
16.74
-263.488
0.408631
0.584805
6.22576e+35
0.320993
0.535761
0.444209
1509.95
1491.02
108.293
19
17.81
-299.386
0.394309
0.624891
6.22576e+35
0.32054
0.5355
0.458878
1600.52
1556.46
393.03
20
18.78
-333.908
0.39262
0.614632
6.22576e+35
0.326476
0.535641
0.46199
1638.12
1625.08
37.1637
21
19.17
-348.319
0.422243
0.614632
6.22576e+35
0.32847
0.539209
0.459204
1747.67
1697.9
112.377
21
19.79
-371.854
0.39262
0.634431
6.22576e+35
0.328113
0.538908
0.456694
1773.8
1753.34
102.831
22
20.15
-385.872
0.371115
0.614632
6.22576e+35
0.330836
0.563373
0.457817
1875.61
1829.18
123.301
23
20.86
-414.28
0.417615
0.679877
6.22576e+35
0.325239
0.56296
0.457672
1909.67
1880.32
393.55
23
21.87
-456.427
0.425134
0.679877
6.22576e+35
0.334226
0.57894
0.456301
1950.24
1921.19
98.1541
24
22.42
-480.236
0.406271
0.689347
6.22576e+35
0.340534
0.594835
0.453532
2067.58
1996.6
231.126
25
23.17
-513.679
0.435087
0.728125
6.22576e+35
0.352179
0.61809
0.460534
2092.81
2080.43
33.5462
25
23.68
-537.062
0.418471
0.7136
6.22576e+35
0.336501
0.558103
0.456414
2213.81
2123.51
296.497
26
24.16
-559.546
0.419514
0.694844
6.22576e+35
0.338365
0.569541
0.456869
2236.33
2189.33
218.033
27
25.03
-601.471
0.421192
0.663026
6.22576e+35
0.350007
0.568083
0.458418
2312.72
2269.65
291.769
28
25.83
-641.359
0.444694
0.690946
6.22576e+35
0.344146
0.549966
0.461069
2395.02
2335.6
456.29
28
26.55
-678.352
0.415733
0.690946
6.22576e+35
0.334832
0.551214
0.459022
2488.26
2428.53
435.941
29
27.38
-722.284
0.400623
0.690946
6.22576e+35
0.345776
0.547613
0.457856
2546.16
2494.84
265.618
30
28.12
-762.614
0.493762
0.633069
6.22576e+35
0.337225
0.536108
0.459292
2590.63
2541.15
269.339
31
28.5
-783.75
0.400623
0.646536
6.22576e+35
0.323153
0.528263
0.462611
2630.21
2601.06
168.502
30
28.85
-803.473
0.406818
0.61861
6.22576e+35
0.325359
0.520722
0.459484
2700.96
2633.17
209.306
31
29.22
-824.588
0.417249
0.572539
6.22576e+35
0.323249
0.519944
0.460212
2748.73
2707.41
100.822
31
29.79
-857.654
0.417249
0.590158
6.22576e+35
0.323852
0.529596
0.457633
2806.83
2767.5
368.345
32
30.81
-918.446
0.396633
0.598367
6.22576e+35
0.311444
0.522149
0.460481
2870.06
2819.97
329.987
33
31.14
-938.56
0.417603
0.634863
6.22576e+35
0.321869
0.518466
0.462778
2909.84
2883.96
18.9437
33
31.91
-986.338
0.426542
0.591394
6.22576e+35
0.311559
0.525177
0.457825
2993.23
2931.2
1522.52
34
32.82
-1044.33
0.395374
0.65616
6.22576e+35
0.366238
0.532481
0.460261
3014.55
2994.22
39.919
34
32.85
-1046.27
0.493799
0.610485
6.22576e+35
0.394159
0.516221
0.45919
3077.04
3015.46
108.083
35
33.04
-1058.6
0.493799
0.602025
6.22576e+35
0.392236
0.514081
0.459742
3094.04
3043.08
561.666
35
33.27
-1073.62
0.483195
0.574505
6.22576e+35
0.396312
0.511087
0.463994
3102.2
3081.22
74.4291
35
33.89
-1114.64
0.484369
0.592804
6.22576e+35
0.395
0.504004
0.458909
3132.64
3102.25
73.6886
36
33.86
-1112.64
0.490404
0.592804
6.22576e+35
0.393469
0.499789
0.454979
3141.52
3116.01
73.8339
36
34.07
-1126.69
0.483737
0.514003
6.22576e+35
0.395257
0.467548
0.460787
3178.17
3133.38
219.81
37
34.75
-1172.81
0.490156
0.570348
6.22576e+35
0.395616
0.4272
0.46057
3225.24
3168.02
323.625
37
35
-1190
0.490156
0.533886
6.22576e+35
0.404319
0.454834
0.458028
3268.08
3231.27
116.639
37
35.84
-1248.67
0.509906
0.521175
6.22576e+35
0.415475
0.466436
0.456572
3346.42
3286.04
938.675
38
36.11
-1267.82
0.490599
0.531545
6.22576e+35
0.394299
0.470984
0.459295
3407.35
3362
371.867
39
37.15
-1342.97
0.425394
0.564119
6.22576e+35
0.395873
0.478271
0.459471
3423.49
3413.68
62.658
39
37.96
-1403
0.487502
0.560419
6.22576e+35
0.396064
0.478112
0.456186
3461.14
3432.93
187.552
40
38.34
-1431.62
0.478368
0.51951
6.22576e+35
0.387137
0.466477
0.458663
3513.8
3475.09
82.1842
41
39.13
-1492.03
0.440703
0.556373
6.22576e+35
0.381028
0.470536
0.457278
3513.8
3511.08
32.9721
41
39.85
-1548.17
0.470363
0.509227
6.22576e+35
0.391652
0.470569
0.462372
3563.37
3523.31
233.757
42
39.98
-1558.42
0.490847
0.561371
6.22576e+35
0.396729
0.472482
0.459277
3579.12
3552.41
186.594
42
40.32
-1585.38
0.490847
0.557959
6.22576e+35
0.396075
0.466706
0.460792
3637.82
3587.32
129.204
42
40.99
-1639.19
0.567592
0.613896
6.22576e+35
0.427739
0.4698
0.460893
3665.75
3629.98
337.245
43
41.69
-1696.37
0.576818
0.567017
6.22576e+35
0.469775
0.470781
0.459215
3686.14
3667.96
16.487
44
41.96
-1718.68
0.552373
0.617959
6.22576e+35
0.476153
0.479779
0.459305
3795.97
3724.5
497.294
45
43.13
-1817.07
0.585393
0.567017
6.22576e+35
0.464023
0.475607
0.458947
3795.97
3785.05
80.065
45
43.76
-1871.18
0.585393
0.543775
6.22576e+35
0.489173
0.472306
0.455578
3878.32
3828.59
138.85
46
44.34
-1921.7
0.585393
0.570304
6.22576e+35
0.489313
0.471972
0.455673
3911.08
3879.64
41.2475
46
45.04
-1983.56
0.490847
0.565348
6.22576e+35
0.488156
0.470859
0.458479
3945.77
3890.97
182.787
47
45.14
-1992.48
0.582552
0.565348
6.22576e+35
0.476486
0.463072
0.450669
3986.21
3936.54
123
47
45.56
-2030.15
0.578465
0.5162
6.22576e+35
0.485282
0.443154
0.454598
3986.21
3986.22
-33.4589
47
46
-2070
0.572158
0.470913
6.22576e+35
0.490665
0.468556
0.450956
3992.35
3986.83
-31.0185
47
46.01
-2070.91
0.507107
0.471162
6.22576e+35
0.470614
0.470022
0.458817
4022.92
3994.25
118.335
48
45.98
-2068.18
0.535626
0.561817
6.22576e+35
0.456242
0.473802
0.465298
4081.33
4034.65
250.836
48
46.3
-2097.39
0.535626
0.564629
6.22576e+35
0.450067
0.47438
0.475143
4081.33
4081.32
45.5713
48
47.07
-2168.51
0.522882
0.59456
6.22576e+35
0.491205
0.464707
0.511457
4127.77
4082.1
78.7656
49
47.11
-2172.24
0.568392
0.549976
6.22576e+35
0.490132
0.486459
0.514243
4092.37
4081.52
48.2241
50
47.03
-2164.79
0.585991
0.567204
6.22576e+35
0.479471
0.474961
0.510952
4142.25
4103.41
855.075
49
47.49
-2207.81
0.510179
0.567204
6.22576e+35
0.469227
0.481387
0.518568
4172.95
4143.01
35.6687
49
47.97
-2253.15
0.574989
0.635889
6.22576e+35
0.47016
0.47298
0.527824
4177.51
4150.82
15.2151
49
48.03
-2258.85
0.556369
0.635889
6.22576e+35
0.480043
0.476328
0.512229
4197.45
4188.03
224.788
50
48.34
-2288.42
0.588047
0.699817
6.22576e+35
0.491535
0.536844
0.512389
4263.04
4214.32
257.344
50
49.12
-2363.65
0.588047
0.742281
6.22576e+35
0.493341
0.485618
0.513975
4315.35
4266.07
275.923
51
49.67
-2417.44
0.554531
0.742281
6.22576e+35
0.493435
0.494887
0.514583
4315.35
4315.34
20.1051
51
50.03
-2452.97
0.589346
0.566163
6.22576e+35
0.492474
0.47159
0.527791
4315.35
4315.34
20.1051
51
49.9
-2440.11
0.582713
0.561882
6.22576e+35
0.493803
0.483555
0.517846
4353.34
4329.44
342.198
52
50.29
-2478.79
0.576017
0.561882
6.22576e+35
0.49834
0.47566
0.511097
4363.93
4357.12
-12.2256
52
50.96
-2545.96
0.555716
0.528545
6.22576e+35
0.489674
0.470877
0.512225
4393.38
4374.41
92.8724
53
51.49
-2599.73
0.586142
0.528545
6.22576e+35
0.493347
0.470642
0.510963
4412.2
4393.46
48.7002
53
52.16
-2668.51
0.576178
0.528545
6.22576e+35
0.492253
0.470349
0.510453
4446.21
4402.45
173.584
54
52.2
-2672.64
0.576178
0.530819
6.22576e+35
0.499196
0.476959
0.512497
4456.07
4442.55
-2.39815
54
52.98
-2753.9
0.576178
0.517547
6.22576e+35
0.501287
0.471406
0.513433
4462.66
4450.63
36.2609
55
53.26
-2783.37
0.577379
0.527059
6.22576e+35
0.490506
0.469795
0.515308
4516.02
4482.31
59.9339
55
54.05
-2867.35
0.577379
0.560191
6.22576e+35
0.491167
0.472393
0.513485
4562.65
4519.13
411.582
56
54.92
-2961.29
0.570578
0.552405
6.22576e+35
0.491685
0.471284
0.511389
4568.36
4566.65
-10.2498
56
54.95
-2964.55
0.566195
0.527097
6.22576e+35
0.491907
0.469282
0.514456
4616.83
4585.55
453.945
57
55.39
-3012.66
0.566195
0.569641
6.22576e+35
0.489116
0.471852
0.513183
4700.28
4636.21
511.923
58
56.23
-3105.58
0.664978
0.528212
6.22576e+35
0.529062
0.472325
0.513326
4714.57
4697.24
153.355
58
56.61
-3148.08
0.61362
0.52952
6.22576e+35
0.565847
0.470566
0.512373
4728.15
4723.37
49.1867
58
57.05
-3197.65
0.63734
0.529221
6.22576e+35
0.5688
0.46697
0.513965
4763.09
4745.72
186.277
59
57.89
-3293.36
0.671217
0.591447
6.22576e+35
0.570141
0.468375
0.516591
4838.22
4783.43
442.411
60
58.3
-3340.59
0.658891
0.565684
6.22576e+35
0.550799
0.471315
0.512933
4844.97
4841.25
1.53197
60
59.13
-3437.23
0.628847
0.567572
6.22576e+35
0.566902
0.472384
0.513495
4872.53
4872.53
22.4594
60
59.04
-3426.68
0.685584
0.567572
6.22576e+35
0.568502
0.475096
0.512371
4912.33
4874.01
44.2459
61
59.14
-3438.4
0.628847
0.567572
6.22576e+35
0.569926
0.456575
0.506954
4924.58
4893.79
101.728
61
59.16
-3440.75
0.6609
0.470913
6.22576e+35
0.57299
0.451179
0.51395
4928.37
4914.83
16.1046
61
59.52
-3483.11
0.664297
0.470913
6.22576e+35
0.575368
0.429765
0.509754
4944.74
4927.25
61.4375
61
60.1
-3551.91
0.664297
0.566986
6.22576e+35
0.567397
0.471388
0.512906
4956.08
4935.18
16.3691
61
60.23
-3567.42
0.620512
0.507314
6.22576e+35
0.565093
0.468117
0.512885
4976.24
4947.92
24.1106
62
60.27
-3572.2
0.649679
0.486446
6.22576e+35
0.568627
0.470137
0.513636
4976.24
4948.81
21.5024
62
60.31
-3576.99
0.683286
0.570733
6.22576e+35
0.584378
0.470496
0.513128
4984.07
4961.62
114.658
62
60.77
-3632.22
0.732919
0.554203
6.22576e+35
0.577324
0.472103
0.514716
4988.75
4978.99
45.9706
62
60.9
-3647.91
0.695071
0.554203
6.22576e+35
0.570691
0.467826
0.524049
5036.9
4993.99
122.277
62
61.06
-3667.26
0.660891
0.524519
6.22576e+35
0.570104
0.469774
0.512633
