Index of Gen, I#1: Average Value of Gen, I#2: Average Value of Gen, I#3: Average Value of Gen, I#4: Average Value of Gen, I#5: Average Value of Gen, I#6: Average Value of Gen, I#7: Average Value of Gen, I#8: Average Value of Gen, 
0,537.673,536.306,488.131,543.15,533.408,473.807,562.85,526.796,
1,785.796,811.669,741.044,740.032,788.62,788.426,806.395,818.572,
2,978.888,1002.48,884.472,869.885,902.264,972.326,990.337,988.421,
3,1151.96,1123.96,975.096,1024.85,1001.85,1143.97,1147.17,1129.38,
4,1274.64,1238.31,1072.61,1158.78,1128.62,1283.04,1262.58,1233.33,
5,1342.17,1369.46,1160.12,1248.56,1249.74,1367.18,1356.97,1360.11,
6,1419.85,1437.56,1265.04,1339.23,1321,1462.53,1449.28,1470.37,
7,1512.45,1530.37,1348.52,1419.78,1412.3,1553.49,1536.25,1548.53,
8,1595.93,1596.75,1422.65,1505.95,1496,1567.26,1624.1,1661.13,
9,1684.13,1652.07,1515.06,1562.15,1580.29,1620.85,1690.3,1776.1,
10,1782.03,1710.96,1611.79,1634.28,1668.37,1674.19,1768.01,1826.49,
11,1843.14,1774.59,1698.32,1704.1,1710.52,1701.58,1832.29,1882.75,
12,1935.1,1813.98,1806.28,1763.96,1755.24,1703.71,1877.61,1954.15,
13,2012.87,1880.94,1887.84,1839.87,1799.48,1703.88,1937.33,2033.56,
14,2078.57,1932.23,1981.15,1924.61,1814.78,1735.91,2006.1,2098.59,
15,2141.59,2027.36,2057.94,2032.37,1858.65,1797.64,2093.23,2152.81,
16,2177,2106.22,2151.03,2100.01,1879.59,1868.14,2160.4,2237.92,
17,2246.81,2188.76,2231.75,2152.68,1926.62,1953.67,2193.77,2303.53,
18,2270.96,2252.87,2288.43,2211.62,1988.2,2041.93,2270.01,2363.79,
19,2314.06,2295.33,2367.71,2284.06,2014,2087.41,2314.07,2416.96,
20,2359.18,2338.66,2471.31,2371.91,2051.13,2139.12,2404.77,2494.22,
21,2391.48,2402.77,2558.3,2457.49,2115.45,2169.96,2454.59,2563.27,
22,2470.23,2459.72,2620.7,2561.96,2185.48,2262.25,2518.01,2635.69,
23,2565.16,2474.11,2696.37,2602.07,2202.53,2290.32,2588.11,2702.05,
24,2618.13,2508.23,2747.75,2674.23,2244.65,2290.32,2617.21,2747.05,
25,2683.86,2582.86,2809.37,2708.68,2263.27,2308.18,2663.73,2805.08,
26,2723.27,2602.23,2903.19,2740.52,2295.81,2355.25,2725.51,2902.31,
27,2748.01,2635.48,2961.52,2783.37,2298.55,2393.67,2798.04,2956.86,
28,2809.02,2677.56,3047.28,2825.07,2342.42,2395.14,2869.49,3036.8,
29,2897,2727.37,3104.24,2876.07,2402.86,2395.14,2940.51,3126.4,
30,2950.13,2741.44,3164.57,2910.39,2454.42,2470.95,2998.56,3211.07,
31,2976.22,2747.39,3224.76,2936.8,2455.8,2472.5,3084,3265.3,
32,3022.93,2755.17,3275.13,3005.48,2459.85,2472.5,3115.98,3337.6,
33,3086.59,2772.27,3325.91,3029.04,2477.44,2496.23,3177.15,3375.35,
34,3123.87,2833.73,3343.31,3081.64,2558.14,2498.55,3227.07,3459.46,
35,3176.9,2904.97,3379.73,3147.02,2563.07,2500.11,3260.42,3470.93,
36,3256.52,2959.9,3446.74,3210.91,2593.58,2525.8,3289.22,3485.33,
37,3288.44,3009.97,3515.27,3241.49,2641.85,2575.38,3318.97,3524.34,
38,3315.4,3053.8,3582.91,3288.95,2679.41,2624.45,3350.13,3587.83,
39,3331.74,3100.4,3629.46,3318.25,2713.1,2701.19,3403.97,3645.27,
40,3369.88,3147.29,3679.62,3353.2,2720.28,2707.69,3442.75,3662.31,
41,3390.92,3195.21,3722.39,3407.64,2745.9,2734.5,3524.96,3707.26,
42,3417.28,3225.96,3746.11,3456.82,2786.3,2788.42,3592.06,3735.06,
43,3451.58,3258.79,3803.94,3499.63,2791.09,2870.05,3652.37,3735.93,
44,3451.69,3288.92,3871.44,3548.04,2819.69,2935.99,3702.55,3758.5,
45,3460.23,3311.57,3915.61,3574.85,2890.46,2939.37,3722.55,3798.01,
46,3501.58,3343,3994.91,3615.31,2896.98,3026.36,3736.06,3863.09,
47,3544.14,3367.42,4056.38,3658.14,2901.08,3027.85,3742.59,3896.6,
48,3560.3,3379.53,4116.12,3695.93,2907.63,3027.85,3784.62,3923.51,
49,3591.78,3405.33,4124.87,3725.09,2956.24,3050.26,3820.74,3967.06,
50,3638.85,3443.07,4146.38,3756.38,3029.91,3052.75,3836.11,4018.75,
51,3669.46,3518.46,4198.84,3803.15,3044.13,3052.75,3893.18,4056.91,
52,3707.17,3554.92,4203.55,3832.12,3059.1,3052.75,3929.35,4058.16,
53,3736.34,3594.38,4223.17,3877.32,3077.14,3052.75,3968.38,4114.11,
54,3750.81,3629.81,4251.18,3917.56,3105.19,3052.75,4012.9,4145.33,
55,3765.69,3635.81,4308.78,3974.98,3120.67,3062.61,4043.43,4182.48,
56,3774.75,3664.73,4381.76,4011.34,3145.61,3063.47,4052.32,4219.89,
57,3786.08,3702.13,4398.02,4040.69,3209.78,3063.47,4088.29,4248.02,
58,3792.76,3729.98,4426.29,4075.94,3282.25,3063.47,4123.5,4279.61,
59,3834.09,3771.34,4455.59,4110.86,3285.75,3157.24,4168.14,4311.86,
60,3885.56,3833.29,4491.81,4142.05,3285.75,3160.14,4218.74,4344.72,
61,3946.1,3867.37,4526.66,4178.41,3285.75,3160.6,4261.37,4389.55,
62,3998.44,3891.49,4543.83,4197.03,3285.75,3201.15,4283.23,4402.85,
63,4026.36,3904.74,4556.5,4223.82,3285.75,3282.66,4310.67,4420.76,
64,4090.24,3941.01,4572.84,4246.18,3286.91,3301.29,4325.11,4479.26,
65,4106.35,3960.42,4604.49,4275.46,3288.54,3305.67,4342.2,4493.03,
66,4138.53,3983.43,4635.02,4295.76,3295.83,3363.56,4363.89,4496.81,
67,4140.66,4016.88,4654.87,4313.17,3309.92,3408.42,4403.27,4501.62,
68,4146.31,4033.61,4674.08,4332.88,3311.98,3422.38,4438.03,4501.28,
69,4167.97,4066.96,4708.3,4357.74,3341.08,3436.96,4471.56,4523.59,
70,4202.17,4084.54,4731.06,4368.06,3376.45,3525.14,4480.44,4561.22,
71,4202.41,4104.79,4731.19,4379.47,3413.97,3531.91,4487.39,4569.01,
72,4202.26,4130.51,4731.06,4396.14,3413.97,3531.91,4498,4569.7,
73,4227.31,4186.39,4733.74,4416.32,3413.97,3532.62,4541.12,4573.13,
74,4264.72,4222.07,4746.89,4429.5,3419.18,3533.3,4568.92,4632.63,
75,4267.59,4268.67,4762.31,4458.5,3429.72,3537.61,4585.24,4647.04,
76,4268.98,4307.66,4764.1,4495.27,3439.63,3590.66,4606.61,4658.25,
77,4270.62,4329.62,4774.76,4541.29,3439.63,3636.62,4619.7,4662.31,
78,4274.92,4347.47,4788.97,4589.34,3439.63,3636.74,4619.7,4672.66,
79,4291.82,4368.15,4795.55,4634.09,3440.11,3659.64,4620.21,4675.25,
80,4302.41,4402.79,4840.35,4671.27,3439.76,3721.97,4619.91,4675.87,
81,4311.85,4413.85,4881.86,4700.23,3439.67,3801.07,4639.8,4676.89,
82,4312.22,4439.07,4906.62,4722.14,3450.01,3804.47,4683.1,4680.84,
83,4339.04,4455.85,4921.01,4755.82,3469.09,3805.41,4707.89,4683.99,
84,4384.78,4473.35,4960.57,4787.31,3469.09,3836.37,4730.55,4683.99,
85,4404.59,4494.38,4966.07,4816.03,3469.09,3887.18,4735.18,4686.8,
86,4419.85,4529.93,4966.07,4850.65,3474.35,3895.32,4741.27,4689.35,
87,4434.3,4556.71,4966.3,4887.3,3514.17,3911.95,4753.99,4715.63,
88,4456.58,4613.59,4966.62,4899,3575.32,3914.37,4771.12,4761.41,
89,4491.57,4613.59,4966.52,4921.57,3591.55,3914.37,4784.32,4770.07,
90,4514.59,4613.59,4989.67,4935.03,3594.15,3914.37,4811.21,4770.22,
91,4549.4,4613.59,5030.32,4937.77,3593.44,3914.37,4834.86,4801.15,
92,4578.5,4613.59,5040.44,4959.5,3593.44,3914.37,4860.87,4809.51,
93,4615.72,4613.59,5043.52,4969.28,3593.44,3914.37,4895.84,4814.2,
94,4664.63,4613.59,5043.61,4976.09,3595.54,3914.37,4915.46,4818.98,
95,4664.63,4613.59,5043.52,4995.67,3598.82,3914.37,4969.22,4839,
96,4665.61,4613.59,5043.52,5014.79,3598.82,3914.37,4969.23,4891.22,
97,4668.78,4613.59,5043.71,5046.09,3598.82,3914.37,4969.25,4891.22,
98,4684.58,4613.59,5043.9,5074.39,3600.01,3914.37,4970.57,4891.28,
99,4711.68,4613.59,5057.39,5098.39,3602.78,3914.37,4974.03,4891.22,
100,4711.79,4613.86,5087.82,5111.78,3652.17,3914.47,4975.51,4891.22,
101,4731.25,4613.59,5099.69,5124.73,3681.57,3919.13,4976.3,4891.22,
102,4768.44,4613.59,5102.61,5151.67,3681.58,3958.56,4977.12,4891.22,
103,4788.6,4613.59,5106.44,5164.03,3681.71,3960.63,4999.99,4891.22,
104,4803.02,4613.59,5112.3,5187.55,3682.41,3960.63,5028,4920.68,
105,4829.6,4613.59,5119.54,5199.28,3683.07,3960.63,5028.98,4952.17,
106,4852.99,4613.59,5111.69,5214.38,3689.08,3960.91,5033.58,4953.37,
107,4873.16,4617.81,5125.63,5219.06,3703.47,3960.63,5038.15,4961.25,
108,4913.15,4625.21,5138.05,5239.54,3705.08,3960.63,5037.98,4961.42,
109,4913.15,4630.47,5151.6,5272.23,3705.87,3960.87,5046.97,4962.05,
110,4913.15,4648.25,5159.32,5290.74,3704.88,3977.94,5072.03,4962.69,
111,4913.15,4678.61,5159.15,5315.22,3707.14,3983.19,5077.72,4962.69,
112,4913.4,4713.27,5158.68,5318.36,3708.81,3983.19,5078.01,4967.42,
113,4913.28,4725.41,5158.37,5322.69,3730.46,3983.19,5078.34,4979.03,
114,4913.15,4737.62,5158.84,5327.27,3802.66,3983.19,5078.85,4979.29,
115,4913.15,4760.06,5159.99,5331.83,3815.12,3983.19,5100.76,4979.03,
116,4915.81,4789.86,5161.86,5349.13,3815.33,3984.66,5140.06,4979.03,
117,4929.66,4805.37,5164.58,5368.36,3815.15,4004.8,5153.65,4979.03,
118,4948.92,4824.44,5173,5395.65,3819.45,4055.44,5153.65,4979.03,
119,4948.91,4851.18,5173,5401.77,3826.46,4055.44,5153.65,4979.1,
120,4948.91,4889.52,5173,5408.72,3826.32,4055.44,5153.65,5000.3,
121,4948.91,4906.15,5173,5410.5,3825.72,4055.44,5153.65,5030.71,
122,4948.91,4936.71,5173,5410.46,3846.4,4055.44,5153.65,5058.48,
123,4948.91,4936.71,5173,5411.02,3873.43,4055.44,5160.8,5062.88,
124,4948.91,4936.71,5173,5415.86,3873.43,4055.44,5174.26,5062.88,
125,4948.91,4936.71,5173,5421.02,3873.43,4055.44,5178.06,5063.09,
126,4948.91,4937.55,5173,5422.6,3873.43,4055.44,5186.47,5067.73,
127,4948.91,4949.94,5173,5432.33,3873.43,4055.44,5186.47,5074.33,
128,4948.91,4950.29,5173,5436.21,3873.43,4055.44,5187.21,5078.62,
129,4949.07,4967.07,5173.06,5442.58,3873.43,4055.44,5190.83,5078.62,
130,4948.91,4989.48,5173,5456.73,3873.43,4055.44,5209.81,5078.75,
131,4948.91,5035.43,5173,5474.66,3873.43,4055.44,5210.03,5078.74,
132,4948.91,5044.62,5173,5498.44,3873.43,4055.44,5210,5078.62,
133,4948.91,5055.43,5173.39,5520.55,3873.43,4055.44,5211.56,5078.62,
134,4949.72,5059.97,5173,5529.35,3873.51,4055.44,5216.17,5078.62,
135,4961.73,5076.87,5173,5549.07,3873.43,4055.44,5224.42,5078.62,
136,4967.93,5097.97,5173,5568.11,3873.43,4055.44,5233.16,5078.62,
137,4967.93,5097.42,5173,5605.4,3873.43,4055.44,5234.79,5078.78,
138,4967.93,5097.53,5173,5609.8,3873.43,4055.44,5252.89,5078.62,
139,4968.48,5097.31,5173,5612.89,3873.43,4055.44,5298.38,5078.62,
140,4975.21,5096.88,5173,5623.03,3873.43,4055.44,5327.08,5078.62,
141,4982.29,5096.88,5173,5649.17,3878.25,4055.44,5330.94,5078.62,
142,4982.54,5096.88,5173,5670.97,3884.13,4058.03,5330.94,5078.62,
143,4984.28,5096.88,5173,5676.57,3885.82,4086.81,5331,5079.74,
144,4984.28,5096.88,5173,5692.81,3905.89,4134.66,5331.7,5087.9,
145,4984.28,5096.88,5173,5701,3951.21,4166.94,5331.13,5093.02,
146,4984.28,5096.88,5173,5697.32,3958.19,4171.07,5330.94,5092.68,
147,4988.03,5097.11,5173,5698.1,3959.22,4171.07,5330.94,5092.94,
148,4995.01,5099.41,5173.37,5694.51,3959.33,4171.07,5330.94,5092.89,
149,4995.48,5111.24,5173.43,5694.59,3959.43,4171.07,5334.47,5092.76,
150,5021.38,5113.78,5173.22,5693.87,3959.7,4171.07,5341.65,5092.68,
151,5042.55,5113.78,5173,5693.87,3960.09,4171.07,5342.3,5092.68,
152,5064.5,5116.56,5173,5693.87,3963.33,4184.6,5349.6,5092.74,
153,5110.86,5124.49,5173,5693.87,3966.72,4247.26,5361.62,5092.83,
154,5126.07,5125.42,5173,5693.87,3966.72,4251.91,5372.19,5093.27,
155,5147.16,5137.79,5173,5693.87,3969.01,4254.18,5373.09,5092.82,
156,5147.16,5156.16,5173,5693.87,3991.66,4311.82,5373.34,5096.7,
157,5147.16,5189.88,5173,5693.87,3996.1,4313.6,5377.7,5103.53,
158,5147.32,5188.81,5173,5693.87,4022.91,4313.6,5384.72,5111.94,
159,5148.83,5191.58,5173,5693.91,4047.53,4313.6,5386.41,5111.94,
160,5149.31,5198.52,5173,5693.87,4050.57,4313.6,5386.41,5111.94,
161,5149.91,5211.35,5173.25,5693.91,4052.69,4313.6,5386.34,5111.94,
162,5153.98,5218.25,5173,5693.87,4052.69,4313.6,5386.27,5111.94,
163,5169.96,5218.63,5173,5693.87,4052.69,4313.6,5386.27,5111.94,
164,5177.7,5218.63,5173,5693.87,4052.87,4313.6,5386.53,5111.94,
165,5181.18,5218.63,5173,5693.87,4052.69,4313.6,5388.19,5111.94,
166,5205.12,5218.63,5173,5693.87,4052.69,4313.6,5389.49,5111.94,
167,5247.92,5218.81,5173.02,5703.5,4052.69,4313.6,5388.87,5111.94,
168,5255.56,5218.72,5173.28,5721.01,4052.69,4313.6,5388.4,5111.94,
169,5255.56,5218.97,5173.85,5721.01,4052.71,4313.86,5388.43,5111.94,
170,5255.56,5218.63,5173.94,5721.01,4053.04,4313.86,5388.4,5111.94,
171,5255.56,5218.63,5173.94,5721.01,4053.39,4314.17,5388.4,5111.94,
172,5255.56,5218.63,5184.87,5721.04,4053.86,4315.28,5400.24,5111.94,
173,5255.56,5218.63,5199.35,5721.01,4056.53,4330.24,5408.75,5111.94,
174,5259.99,5218.63,5199.35,5721.01,4080.73,4392.07,5430.37,5111.94,
175,5266.47,5218.94,5199.36,5721.01,4104.76,4398.02,5432.34,5111.94,
176,5286.41,5218.63,5199.55,5721.01,4104.76,4398.02,5435.45,5112.31,
177,5355.74,5220.05,5199.35,5721.01,4104.76,4398.24,5446.73,5111.94,
178,5377.53,5227.4,5199.35,5721.01,4132.88,4455.99,5457.55,5111.94,
179,5413.17,5237.2,5199.59,5721.01,4156.43,4480.33,5460.14,5111.94,
180,5413.17,5258.54,5199.7,5721.01,4156.43,4482.34,5461.52,5111.94,
181,5413.17,5265.35,5199.35,5721.01,4156.55,4482.34,5461.52,5111.94,
182,5413.17,5288.79,5199.99,5721.08,4156.43,4492.52,5461.52,5111.94,
183,5413.17,5301.47,5199.46,5721.01,4156.43,4493.18,5461.52,5111.94,
184,5413.62,5304.45,5197.7,5721.01,4156.43,4497.72,5461.52,5111.94,
185,5415.82,5306.42,5199.35,5721.01,4156.43,4500,5461.52,5112.03,
186,5415.59,5309.7,5200.46,5721.01,4156.43,4500.37,5461.55,5111.94,
187,5418.01,5309.96,5200.37,5721.01,4156.45,4500.37,5461.52,5111.94,
188,5425.28,5313.4,5200.77,5721.01,4191.16,4500.37,5461.52,5111.94,
189,5425.26,5317.03,5201.84,5721.01,4217.35,4500.37,5461.52,5111.94,
190,5425.26,5317.03,5211.83,5721.01,4217.35,4500.37,5462.13,5111.99,
191,5425.26,5317.03,5228.38,5721.38,4225.4,4500.58,5465.44,5111.96,
192,5427.12,5317.03,5225.64,5721.01,4236.08,4510.85,5468.28,5112.53,
193,5432.44,5317.03,5229.19,5721.01,4236.08,4544.74,5468.28,5112.71,
194,5436.59,5317.03,5228.55,5721.01,4236.08,4583.52,5469.21,5112.79,
195,5437.41,5317.03,5228.11,5721.01,4236.08,4583.99,5471.19,5113.58,
196,5437.75,5317.32,5227.98,5721.18,4236.08,4583.99,5471.19,5117.24,
197,5438.2,5317.04,5228.26,5721.04,4236.08,4583.99,5471.19,5143.38,
198,5438.2,5317.4,5246.94,5721.07,4236.08,4583.99,5474.08,5164.4,
199,5438.13,5317.32,5269.44,5710.39,4236.23,4624.69,5481.9,5166.85,
200,5438.13,5319.27,5481.9,5719.6,4261.61,4634.86,5481.9,5166.63,
201,5438.13,5317.03,5481.9,5722.01,4290.77,4644.93,5481.9,5166.63,
202,5438.13,5321.32,5482.07,5725.13,4290.77,4644.93,5481.9,5166.63,
203,5438.13,5328.31,5481.9,5730.86,4290.77,4644.93,5482.13,5166.82,
204,5438.13,5332.97,5481.9,5733.56,4294.64,4644.93,5484.45,5166.63,
205,5438.13,5341.38,5482.08,5741.89,4299.19,4644.93,5491.38,5166.63,
206,5438.13,5348.19,5482.72,5723.45,4299.19,4644.93,5491.01,5166.63,
207,5438.13,5377.78,5490.59,5727.77,4299.24,4649.43,5491.01,5166.63,
208,5438.13,5385.72,5497.79,5739.18,4318.61,4649.88,5491.12,5166.63,
209,5438.13,5385.79,5497.79,5738.51,4343.59,4650.29,5493.07,5166.63,
210,5438.77,5385.79,5497.79,5749.43,4343.59,4654.13,5508.03,5166.63,
211,5438.64,5385.79,5498.03,5759.7,4348.73,4670.97,5517,5166.63,
212,5439.7,5385.79,5497.79,5765.56,4354.31,4700.08,5520.84,5166.75,
213,5443.8,5386.07,5497.92,5772.26,4354.4,4755.5,5529.62,5166.63,
214,5470.87,5385.79,5499.31,5781.95,4354.38,4766.98,5538.66,5166.76,
215,5492.98,5385.79,5500.76,5824.58,4354.32,4811.36,5538.68,5166.63,
216,5502.42,5385.79,5502.24,5828.35,4354.31,4812.28,5547.67,5166.63,
217,5513.19,5385.79,5503.08,5828.29,4354.31,4812.28,5568.85,5166.93,
218,5528.73,5393.41,5504.65,5830.79,4354.31,4812.28,5568.85,5167.23,
219,5536.47,5396.5,5504.65,5835.96,4354.31,4812.28,5568.85,5167.91,
220,5538.83,5396.5,5504.65,5843.39,4354.31,4812.28,5568.85,5169.41,
221,5544.72,5396.5,5504.73,5849.62,4354.32,4812.28,5568.85,5197.91,
222,5547.04,5396.5,5504.65,5859.44,4354.59,4812.28,5568.85,5198.74,
223,5550.67,5396.5,5504.77,5870.4,4355.34,4812.28,5568.85,5198.39,
224,5550.67,5396.5,5504.76,5889.35,4354.31,4812.28,5568.85,5198.21,
225,5550.67,5396.5,5504.89,5897.86,4354.31,4812.28,5568.85,5198.4,
226,5550.67,5396.5,5508.42,5902.64,4354.51,4812.28,5568.85,5198.24,
227,5551.86,5396.5,5515.35,5907.11,4354.31,4812.43,5569.06,5197.97,
228,5555.13,5396.5,5515.35,5913.71,4354.31,4847.29,5569.7,5197.97,
229,5595.68,5396.72,5515.35,5934.03,4354.31,4853.78,5570.99,5197.97,
230,5607.21,5396.54,5515.35,5943.65,4354.31,4853.78,5570.99,5197.97,
231,5607.24,5396.5,5515.35,5941.54,4354.31,4853.78,5570.99,5198.14,
232,5606.77,5396.5,5515.35,5942.34,4354.31,4853.78,5570.99,5197.97,
233,5606.77,5396.92,5515.35,5942.76,4354.31,4853.78,5570.99,5197.98,
234,5606.77,5397.78,5515.35,5942.03,4354.31,4853.78,5570.99,5197.97,
235,5612.02,5402.61,5515.35,5948.04,4354.31,4853.78,5570.99,5197.97,
236,5617.48,5415.59,5515.35,5974.42,4354.31,4853.78,5571.35,5197.97,
237,5617.48,5433.33,5515.35,5995.61,4354.31,4853.78,5571.04,5197.97,
238,5617.48,5433.33,5515.35,6005.3,4354.31,4853.78,5571.16,5197.97,
239,5625.75,5433.33,5515.35,6012.32,4354.31,4853.78,5571.19,5197.97,
240,5645.06,5433.33,5515.35,6012.26,4354.31,4853.78,5572.21,5197.97,
241,5645.06,5433.33,5515.35,6012.26,4354.31,4853.93,5575.76,5198.05,
242,5666.52,5433.6,5515.35,6012.26,4357.34,4853.93,5591.93,5197.97,
243,5700.44,5437.19,5515.35,6012.26,4361.72,4853.78,5600.24,5197.97,
244,5700.44,5444.03,5515.94,6014.51,4361.53,4853.78,5601.32,5197.97,
245,5700.44,5448.81,5517.87,6021.68,4361.69,4853.78,5607.93,5197.97,
246,5700.44,5462.58,5519.06,6027.95,4361.53,4853.78,5615,5197.97,
247,5700.46,5502.94,5519.06,6033.41,4361.53,4853.78,5618.13,5197.97,
248,5700.44,5505.69,5519.06,6037.79,4361.53,4853.78,5618.17,5198.1,
249,5700.51,5516.61,5519.06,6046.34,4361.53,4853.78,5620.32,5199.92,
250,5700.44,5530.19,5519.06,6066.41,4361.53,4853.78,5631.13,5203.97,
251,5700.44,5531.79,5519.06,6065.59,4361.77,4853.78,5640.33,5209.86,
252,5700.45,5541.93,5519.06,6070.56,4361.79,4853.78,5644.67,5215.99,
253,5700.45,5547.86,5526.28,6068.84,4363.46,4853.78,5644.67,5238.66,
254,5700.45,5550.59,5539.44,6074.67,4364.6,4853.78,5644.67,5238.66,
255,5700.44,5550.59,5539.44,6074.53,4380.58,4853.78,5644.67,5238.66,
256,5700.44,5550.59,5541.15,6081.73,4426.84,4853.78,5644.67,5238.66,
257,5700.44,5550.59,5548.94,6115.92,4429.05,4853.78,5644.67,5238.66,
258,5700.44,5550.59,5550.59,6115.92,4459.92,4853.78,5644.67,5238.9,
259,5700.44,5550.59,5550.59,6112.89,4495.5,4853.78,5644.72,5250.07,
260,5700.44,5550.59,5550.59,6113.69,4496.35,4853.78,5644.67,5259.06,
261,5700.44,5550.59,5550.59,6109.32,4534.81,4854.12,5644.67,5259.06,
262,5700.44,5550.59,5550.59,6113.48,4568.23,4854.12,5644.67,5259.06,
263,5700.44,5550.59,5550.59,6113.55,4568.09,4854.2,5644.67,5259.06,
264,5700.44,5550.59,5557.21,6114.03,4568.09,4854.09,5644.67,5259.32,
265,5700.44,5550.63,5570.99,6114.65,4568.09,4854.94,5644.67,5262.4,
266,5700.44,5551.27,5571.74,6118.48,4568.51,4868.02,5644.67,5264.35,
267,5700.44,5556.78,5574.24,6128.97,4568.17,4893.56,5644.67,5277.71,
268,5705.45,5565.07,5575.99,6147.03,4568.1,4893.56,5652.97,5287.53,
269,5711.15,5565.07,5575.99,6161.69,4568.81,4893.56,5665.06,5292.78,
270,5711.15,5565.07,5575.99,6161.69,4569.25,4893.56,5665.16,5292.78,
271,5711.15,5571.61,5575.99,6161.69,4569.56,4893.58,5666.96,5292.78,
272,5711.15,5583.25,5575.99,6161.69,4569.25,4918.42,5670.06,5292.78,
273,5711.15,5583.25,5575.99,6161.69,4569.28,4919.87,5670.06,5298.13,
274,5711.15,5583.25,5575.99,6161.69,4568.95,4931.2,5670.06,5303.49,
275,5711.15,5587.68,5575.99,6161.69,4568.95,4941.82,5670.06,5303.49,
276,5711.15,5607.3,5575.99,6161.69,4568.95,4941.82,5670.06,5303.49,
277,5711.15,5635.31,5575.99,6161.69,4568.95,4941.82,5670.06,5303.49,
278,5711.15,5635.66,5575.99,6161.69,4569.92,4941.82,5670.06,5303.49,
279,5711.15,5636.62,5575.99,6161.69,4571.72,4941.82,5670.06,5303.49,
280,5711.15,5638.77,5575.99,6161.69,4571.72,4941.82,5670.06,5303.49,
281,5711.15,5648.04,5575.99,6161.69,4571.72,4941.82,5670.06,5303.49,
282,5711.15,5653.97,5575.99,6161.69,4571.72,4945.21,5670.06,5303.49,
283,5711.15,5654.1,5575.99,6161.69,4571.72,4968.38,5670.06,5303.49,
284,5711.15,5655.52,5575.99,6161.69,4571.72,4971.73,5670.06,5303.59,
285,5711.15,5655.03,5575.99,6161.69,4571.72,4974.84,5670.06,5303.55,
286,5711.15,5655.47,5575.99,6161.69,4571.72,4976.06,5670.06,5305.73,
287,5711.15,5654.59,5575.99,6161.69,4571.72,5028.68,5670.06,5319.1,
288,5711.26,5655.38,5575.99,6161.69,4571.72,5040.83,5670.06,5352.11,
289,5711.32,5659.04,5575.99,6163.09,4571.72,5080,5670.06,5360.7,
290,5711.29,5665.67,5575.99,6167.48,4571.72,5080,5670.06,5362.5,
291,5711.18,5678.9,5575.99,6172.41,4571.98,5080,5670.06,5363.09,
292,5711.15,5679.01,5575.99,6172.41,4571.72,5080,5670.06,5363.63,
293,5711.15,5683.66,5575.99,6169.83,4571.72,5080,5670.06,5369.97,
294,5711.15,5698.11,5575.99,6170.69,4571.72,5080,5670.06,5382.85,
295,5711.15,5704.65,5575.99,6169.5,4571.72,5080,5670.06,5382.85,
296,5711.15,5716.97,5575.99,6165.75,4572.32,5080,5670.08,5382.85,
297,5711.15,5716.97,5575.99,6172.55,4572.32,5080,5670.13,5383.05,
298,5711.15,5716.97,5575.99,6156.99,4572.94,5080,5670.13,5384.47,
299,5711.15,5719.75,5575.99,6172.41,4571.72,5080,5670.13,5391.04,
300,5711.15,5727.68,5575.99,6172.41,4571.72,5080,5670.13,5400.1,
301,5711.15,5727.68,5575.99,6172.41,4571.72,5080,5670.13,5400.1,
302,5711.15,5727.68,5575.99,6172.41,4571.72,5080,5670.13,5400.1,
303,5711.15,5728.39,5575.99,6172.41,4571.72,5080,5670.13,5400.16,
304,5711.15,5732.15,5575.99,6172.41,4571.72,5080,5670.13,5400.1,
305,5711.15,5734.89,5575.99,6170.8,4571.72,5080,5670.13,5400.1,
306,5711.15,5740.6,5575.99,6172.41,4571.72,5080,5670.13,5405.35,
307,5711.15,5740.6,5575.99,6172.41,4571.72,5080,5670.13,5410.81,
308,5711.15,5740.61,5575.99,6172.41,4571.72,5080,5670.13,5410.81,
309,5711.15,5740.63,5575.99,6161.57,4571.72,5080,5670.13,5410.81,
310,5711.15,5743.32,5575.99,6172.41,4571.72,5080,5670.13,5410.81,
311,5711.15,5751.59,5575.99,6167.86,4571.72,5080,5670.13,5410.81,
312,5711.15,5758.48,5575.99,6172.41,4571.72,5080,5670.13,5410.83,
313,5711.23,5762.49,5575.99,6172.41,4571.72,5080,5670.13,5410.81,
314,5711.29,5764.4,5575.99,6172.41,4577.29,5080,5670.13,5410.81,
315,5711.37,5767.83,5575.99,6171.21,4582.44,5080,5670.13,5410.81,
316,5711.71,5777.1,5575.99,6173.09,4582.48,5080,5670.13,5410.81,
317,5716.94,5777.1,5575.99,6167.16,4582.48,5080,5670.13,5410.81,
318,5732.54,5777.1,5575.99,6171.98,4582.99,5089.42,5670.13,5410.81,
319,5732.54,5777.1,5575.99,6172.5,4583.56,5090.71,5670.13,5410.81,
320,5732.54,5777.1,5575.99,6172.41,4583.56,5090.71,5670.13,5410.81,
321,5732.54,5777.83,5575.99,6150.1,4583.56,5090.71,5670.13,5410.81,
322,5732.54,5777.32,5575.99,6168.22,4583.56,5090.71,5670.13,5410.81,
323,5732.54,5781.6,5575.99,6172.41,4583.56,5090.71,5670.13,5410.81,
324,5732.54,5788.19,5575.99,6169.88,4583.56,5090.71,5670.13,5410.81,
325,5732.54,5795.04,5575.99,6171.82,4583.56,5090.71,5670.13,5410.81,
326,5732.54,5808.6,5575.99,6172.41,4583.56,5090.71,5670.13,5410.81,
327,5732.54,5818.15,5575.99,6172.41,4583.56,5090.71,5670.13,5410.81,
328,5732.54,5818.15,5575.99,6172.41,4583.56,5090.71,5670.13,5410.81,
329,5732.54,5818.15,5575.99,6170.69,4583.56,5090.71,5670.13,5411.02,
330,5732.54,5818.15,5575.99,6172.41,4583.56,5090.71,5670.13,5414.31,
331,5732.54,5818.15,5575.99,6172.41,4583.56,5090.71,5670.13,5424.28,
332,5732.54,5818.15,5575.99,6145.55,4583.56,5090.71,5670.13,5424.28,
333,5732.54,5835.52,5575.99,6169.41,4583.56,5090.71,5670.13,5424.28,
334,5732.54,5863.51,5575.99,6172.41,4583.56,5091.1,5670.13,5424.28,
335,5732.54,5863.51,5576,6170.8,4583.56,5091.1,5670.13,5424.28,
336,5732.54,5863.51,5575.99,6172.41,4583.56,5091.48,5670.13,5424.28,
337,5732.54,5863.51,5575.99,6172.55,4583.56,5093.93,5670.13,5424.28,
338,5732.54,5863.51,5575.99,6157.54,4583.56,5103.59,5670.13,5424.28,
339,5732.54,5863.73,5575.99,6172.41,4583.56,5103.59,5670.13,5424.28,
340,5732.54,5863.66,5575.99,6170.26,4583.56,5103.59,5670.13,5424.28,
341,5736.93,5863.53,5575.99,6172.41,4583.56,5103.59,5670.13,5430.06,
342,5748.17,5863.52,5575.99,6169.41,4583.69,5103.59,5670.13,5434.99,
343,5760.55,5863.51,5575.99,6172.41,4583.68,5103.76,5670.13,5434.99,
344,5791.69,5863.55,5575.99,6168.59,4583.74,5103.76,5670.13,5434.99,
345,5791.69,5864.69,5575.99,6168.71,4583.79,5103.76,5670.13,5434.99,
346,5791.69,5865.78,5575.99,6169.41,4584.28,5103.59,5670.13,5435.74,
347,5791.69,5866.77,5575.99,6172.46,4585.98,5103.59,5670.13,5434.99,
348,5791.69,5866.77,5575.99,6171.9,4586.12,5103.59,5670.13,5435.19,
349,5791.73,5866.77,5575.99,6171.75,4585.98,5103.59,5670.13,5434.99,
350,5791.73,5866.77,5575.99,6171.35,4585.98,5103.59,5670.13,5434.99,
351,5791.75,5866.77,5575.99,6168.12,4585.98,5103.59,5670.13,5439.14,
352,5791.75,5866.77,5575.99,6167.48,4585.99,5103.59,5670.13,5448.79,
353,5791.75,5866.77,5575.99,6172.41,4586,5103.59,5670.13,5448.79,
354,5791.75,5866.77,5575.99,6169.73,4586.67,5103.59,5670.13,5449,
355,5793.41,5866.77,5575.99,6172.41,4604.68,5103.59,5670.13,5450.48,
356,5798.12,5866.77,5575.99,6169.83,4648.3,5103.59,5670.13,5452.67,
357,5798.12,5866.77,5575.99,6172.4,4671.88,5103.59,5670.13,5455.43,
358,5798.12,5866.77,5575.99,6172.41,4671.88,5103.59,5670.13,5456.56,
359,5798.12,5866.77,5575.99,6170.99,4671.88,5103.59,5670.13,5458.8,
360,5798.12,5866.77,5575.99,6172.41,4671.88,5103.62,5670.13,5460.8,
361,5798.12,5866.77,5575.99,6168.12,4671.88,5103.67,5670.13,5472.95,
362,5798.12,5866.77,5575.99,6170.48,4671.88,5107.88,5670.13,5485.4,
363,5798.12,5866.77,5575.99,6172.41,4671.88,5114.94,5670.13,5490.34,
364,5798.12,5866.77,5575.99,6172.41,4671.88,5114.94,5670.13,5490.34,
365,5798.12,5866.77,5575.99,6156.48,4671.88,5114.94,5670.13,5490.34,
366,5798.12,5866.77,5575.99,6161,4671.88,5114.94,5670.13,5495.8,
367,5798.12,5866.77,5575.99,6169.8,4684.27,5114.94,5670.13,5501.04,
368,5798.12,5866.78,5575.99,6172.41,4697.93,5114.94,5670.13,5501.04,
369,5798.12,5866.78,5575.99,6165.13,4697.93,5114.94,5670.13,5501.04,
370,5798.12,5866.77,5575.99,6172.46,4697.93,5114.94,5670.13,5501.39,
371,5798.12,5866.77,5575.99,6169.83,4697.93,5114.94,5670.13,5504.98,
372,5798.12,5866.77,5575.99,6172.41,4697.93,5114.94,5670.13,5513.19,
373,5798.12,5866.77,5575.99,6158.51,4697.93,5114.94,5670.13,5522.4,
374,5798.12,5866.77,5575.99,6172.41,4697.93,5114.94,5670.13,5522.4,
375,5798.12,5866.86,5575.99,6165.65,4697.93,5114.94,5670.13,5522.46,
376,5798.22,5866.77,5576.06,6172.46,4697.93,5114.94,5670.13,5522.4,
377,5798.12,5866.77,5576.09,6162.25,4697.93,5115,5670.13,5522.4,
378,5798.12,5866.77,5576.12,6172.41,4697.93,5116.28,5670.13,5522.4,
379,5798.12,5866.77,5576.12,6172.59,4697.93,5125.66,5670.13,5522.4,
380,5798.12,5866.77,5576.09,6172.41,4697.93,5125.66,5670.13,5522.4,
381,5798.12,5866.77,5575.99,6172.41,4697.93,5125.66,5670.13,5526.75,
382,5798.12,5871.06,5575.99,6167.96,4697.93,5125.66,5670.13,5538.5,
383,5798.12,5877.48,5575.99,6172.41,4697.93,5125.66,5670.13,5540.04,
384,5798.12,5878.29,5575.99,6148.82,4697.93,5125.74,5670.13,5542.55,
385,5798.12,5878.51,5575.99,6161.4,4697.93,5131.28,5670.13,5544.02,
386,5798.12,5884.84,5575.99,6170.96,4697.93,5134.24,5670.13,5544.02,
387,5798.12,5898.25,5575.99,6172.41,4697.93,5142.35,5670.13,5544.02,
388,5798.12,5908.04,5575.99,6172.41,4697.93,5142.35,5670.13,5544.02,
389,5798.12,5924.04,5575.99,6172.41,4697.93,5142.35,5670.13,5544.02,
390,5798.12,5936.05,5575.99,6169.08,4697.93,5142.35,5670.13,5544.02,
391,5798.12,5936.13,5575.99,6172.41,4697.93,5142.35,5670.13,5544.3,
392,5798.12,5936.72,5575.99,6172.41,4697.93,5150.49,5670.13,5547.21,
393,5798.12,5937.38,5575.99,6170.28,4698.03,5153.06,5670.13,5548.63,
394,5798.12,5937.38,5575.99,6172.41,4697.93,5153.06,5670.13,5548.63,
395,5798.12,5937.38,5575.99,6172.41,4698.04,5153.06,5670.13,5548.63,
396,5798.12,5937.38,5575.99,6172.41,4698.78,5153.06,5670.13,5548.63,
397,5798.26,5937.38,5575.99,6172.41,4697.93,5153.06,5670.13,5548.63,
398,5798.29,5940.35,5575.99,6172.46,4697.93,5153.06,5670.13,5548.63,
399,5798.17,5947.62,5575.99,6172.46,4697.93,5153.06,5670.13,5548.63,
400,5798.12,5947.62,5670.13,6165.27, , , , ,
401,5798.12,5947.62,5670.13,6169.83, , , , ,
402,5798.12,5947.62,5670.13,6172.41, , , , ,
403,5798.12,5947.62,5670.13,6166.59, , , , ,
404,5798.27,5947.62,5670.13,6172.41, , , , ,
405,5798.12,5947.62,5670.13,6172.41, , , , ,
406,5798.12,5947.62,5670.13,6172.41, , , , ,
407,5798.12,5947.62,5670.13,6171.98, , , , ,
408,5798.12,5947.62,5670.13,6169.61, , , , ,
409,5798.12,5947.62,5670.13,6172.41, , , , ,
410,5803.48,5947.62,5670.13,6143.5, , , , ,
411,5808.82,5947.67,5670.13,6147.53, , , , ,
412,5808.82,5947.99,5670.13,6172.41, , , , ,
413,5808.82,5947.62,5670.13,6172.41, , , , ,
414,5808.82,5947.62,5670.13,6172.41, , , , ,
415,5808.82,5947.62,5670.13,6151.5, , , , ,
416,5808.82,5948.77,5670.13,6166.43, , , , ,
417,5808.82,5950.65,5670.13,6173.57, , , , ,
418,5808.82,5950.65,5670.13,6175.38, , , , ,
419,5808.95,5950.65,5670.13,6180.69, , , , ,
420,5809.15,5950.65,5670.13,6180.39, , , , ,
421,5813.43,5950.65,5670.13,6179.49, , , , ,
422,5817.06,5954.61,5670.13,6180.08, , , , ,
423,5817.06,5961.37,5670.13,6180.69, , , , ,
424,5817.06,5961.37,5670.13,6180.69, , , , ,
425,5817.06,5961.37,5670.13,6180.69, , , , ,
426,5817.06,5961.37,5670.13,6179.89, , , , ,
427,5817.06,5961.37,5670.13,6180.3, , , , ,
428,5817.06,5961.37,5670.13,6178.25, , , , ,
429,5817.06,5961.37,5670.13,6178.25, , , , ,
430,5817.06,5961.42,5670.13,6178.25, , , , ,
431,5823.82,5962,5670.13,6178.25, , , , ,
432,5838.18,5964.14,5670.13,6178.25, , , , ,
433,5838.18,5974.38,5670.13,6178.25, , , , ,
434,5838.18,5974.38,5670.13,6178.25, , , , ,
435,5838.18,5974.38,5670.13,6178.25, , , , ,
436,5838.18,5974.43,5670.13,6178.25, , , , ,
437,5838.18,5974.38,5670.13,6178.25, , , , ,
438,5838.18,5974.38,5670.13,6178.25, , , , ,
439,5838.93,5974.38,5670.13,6178.25, , , , ,
440,5840.58,5974.38,5670.13,6178.25, , , , ,
441,5840.58,5978.66,5670.13,6178.25, , , , ,
442,5840.58,5985.09,5670.13,6178.25, , , , ,
443,5840.58,5985.09,5670.13,6178.25, , , , ,
444,5840.58,5985.09,5670.13,6178.25, , , , ,
445,5840.58,5985.09,5670.13,6181.79, , , , ,
446,5840.58,5985.09,5670.13,6188.96, , , , ,
447,5840.58,5985.09,5670.13,6189.29, , , , ,
448,5840.58,5985.09,5670.13,6184.16, , , , ,
449,5840.58,5985.09,5670.13,6189.07, , , , ,
450,5840.58,5985.09,5670.13,6187.41, , , , ,
451,5840.58,5985.09,5670.13,6188.96, , , , ,
452,5840.58,5985.09,5670.13,6189, , , , ,
453,5840.58,5985.09,5670.13,6180.74, , , , ,
454,5840.58,5985.09,5670.13,6177.31, , , , ,
455,5840.58,5985.26,5670.13,6187.25, , , , ,
456,5840.58,5985.09,5670.13,6188.96, , , , ,
457,5840.58,5985.09,5670.13,6175.41, , , , ,
458,5840.58,5985.09,5670.13,6186.39, , , , ,
459,5840.58,5985.09,5670.13,6187.6, , , , ,
460,5840.58,5985.09,5670.13,6175.9, , , , ,
461,5840.58,5985.09,5670.13,6183.78, , , , ,
462,5840.58,5985.16,5670.13,6185.12, , , , ,
463,5840.58,5987.02,5670.13,6188.78, , , , ,
464,5840.58,5987.85,5670.13,6188.76, , , , ,
465,5840.58,5987.85,5670.13,6184.71, , , , ,
466,5840.58,5987.85,5670.13,6188.39, , , , ,
467,5840.58,5988.46,5670.13,6193.26, , , , ,
468,5840.58,5990.48,5670.13,6171.41, , , , ,
469,5840.58,5988.94,5670.13,6181.6, , , , ,
470,5840.58,5996.88,5670.13,6193.62, , , , ,
471,5840.58,6009.8,5670.13,6198.69, , , , ,
472,5840.58,6009.81,5670.13,6189.99, , , , ,
473,5840.58,6010.02,5670.13,6192.32, , , , ,
474,5840.58,6010.96,5670.13,6190.7, , , , ,
475,5840.58,6012.93,5670.13,6194.79, , , , ,
476,5840.58,6016.11,5670.13,6196.31, , , , ,
477,5840.58,6020.84,5670.13,6194.96, , , , ,
478,5840.58,6020.72,5670.13,6195.76, , , , ,
479,5840.58,6020.72,5670.13,6207.91, , , , ,
480,5840.58,6020.72,5670.13,6203.11, , , , ,
481,5840.58,6020.72,5670.13,6209.17, , , , ,
482,5840.58,6020.72,5670.13,6212.51, , , , ,
483,5840.58,6020.72,5670.13,6212.7, , , , ,
484,5850.21,6020.72,5670.13,6212.52, , , , ,
485,5851.44,6020.72,5670.13,6212.14, , , , ,
486,5851.71,6020.72,5670.13,6211.96, , , , ,
487,5856.35,6020.72,5670.13,6212.14, , , , ,
488,5868.57,6020.74,5670.13,6211.6, , , , ,
489,5882.49,6020.72,5670.13,6212.14, , , , ,
490,5905.08,6020.72,5670.13,6214.6, , , , ,
491,5905.08,6020.72,5670.13,6220.19, , , , ,
492,5905.08,6020.72,5670.13,6218.12, , , , ,
493,5905.08,6020.72,5670.13,6220.19, , , , ,
494,5905.08,6020.72,5670.13,6220.19, , , , ,
495,5905.08,6020.72,5670.15,6220.19, , , , ,
496,5905.08,6020.72,5670.13,6209.22, , , , ,
497,5905.08,6020.72,5670.13,6211.94, , , , ,
498,5905.08,6020.72,5670.13,6220.19, , , , ,
499,5905.08,6020.72,5670.13,6220.19, , , , ,
500,5905.08,6020.72,5670.13,6220.19, , , , ,
501,5905.08,6020.72,5670.13,6220.19, , , , ,
502,5905.08,6020.72,5670.13,6220.19, , , , ,
503,5911.29,6020.72,5670.13,6220.19, , , , ,
504,5915.79,6020.72,5670.13,6220.19, , , , ,
505,5915.79,6020.72,5670.13,6220.19, , , , ,
506,5915.79,6020.72,5670.13,6222.12, , , , ,
507,5915.79,6020.72,5670.13,6230.9, , , , ,
508,5915.8,6020.72,5670.13,6229.98, , , , ,
509,5915.94,6020.72,5670.13,6227.9, , , , ,
510,5915.79,6020.72,5670.13,6231.67, , , , ,
511,5915.79,6020.72,5670.13,6231.07, , , , ,
512,5915.79,6020.72,5670.13,6230.9, , , , ,
513,5915.98,6020.72,5670.13,6230.9, , , , ,
514,5916.6,6020.72,5670.13,6230.9, , , , ,
515,5917.23,6020.72,5670.13,6231.12, , , , ,
516,5917.23,6020.72,5670.13,6231.26, , , , ,
517,5917.23,6020.72,5670.13,6227.22, , , , ,
518,5917.23,6020.72,5670.13,6231.12, , , , ,
519,5917.23,6020.72,5670.13,6231.17, , , , ,
520,5917.23,6020.72,5670.13,6219.97, , , , ,
521,5917.23,6020.72,5670.13,6223, , , , ,
522,5917.23,6020.72,5670.13,6228.08, , , , ,
523,5917.23,6020.72,5670.13,6227.11, , , , ,
524,5917.23,6020.72,5670.13,6240.59, , , , ,
525,5917.23,6020.72,5670.13,6251.69, , , , ,
526,5917.23,6020.72,5670.13,6225.22, , , , ,
527,5928.24,6020.72,5670.13,6240.47, , , , ,
528,5937.68,6020.72,5670.13,6230.53, , , , ,
529,5937.63,6020.72,5670.13,6264.58, , , , ,
530,5937.78,6020.72,5670.13,6264.77, , , , ,
531,5937.63,6020.72,5670.13,6262.63, , , , ,
532,5937.63,6020.72,5670.13,6287.98, , , , ,
533,5937.63,6020.72,5670.13,6287.98, , , , ,
534,5937.63,6020.72,5670.13,6287.98, , , , ,
535,5937.63,6020.72,5670.13,6287.98, , , , ,
536,5937.63,6020.72,5670.13,6287.98, , , , ,
537,5937.63,6020.72,5670.13,6287.98, , , , ,
538,5937.63,6020.72,5670.13,6287.98, , , , ,
539,5937.63,6020.72,5670.13,6287.98, , , , ,
540,5937.63,6020.72,5670.13,6287.98, , , , ,
541,5937.63,6020.72,5670.13,6287.98, , , , ,
542,5937.66,6020.72,5670.13,6287.98, , , , ,
543,5938.23,6020.72,5670.13,6287.98, , , , ,
544,5941.21,6020.72,5670.13,6287.98, , , , ,
545,5941.21,6020.72,5670.13,6287.98, , , , ,
546,5941.21,6020.72,5670.13,6287.98, , , , ,
547,5941.21,6020.74,5670.13,6287.98, , , , ,
548,5941.21,6020.88,5670.13,6287.98, , , , ,
549,5941.21,6020.92,5670.13,6287.98, , , , ,
550,5941.21,6020.96,5670.13,6287.98, , , , ,
551,5941.21,6021.14,5670.13,6287.98, , , , ,
552,5941.21,6021.71,5670.13,6287.98, , , , ,
553,5941.21,6021.71,5670.13,6287.98, , , , ,
554,5941.21,6021.71,5670.13,6287.98, , , , ,
555,5941.21,6021.71,5670.13,6287.98, , , , ,
556,5941.21,6021.71,5670.13,6287.98, , , , ,
557,5941.21,6021.71,5670.13,6287.98, , , , ,
558,5941.21,6021.71,5670.13,6287.98, , , , ,
559,5941.21,6021.71,5670.13,6287.98, , , , ,
560,5941.21,6021.71,5670.13,6287.98, , , , ,
561,5941.21,6021.71,5670.13,6287.98, , , , ,
562,5941.21,6021.75,5670.13,6287.98, , , , ,
563,5941.21,6021.71,5670.13,6287.98, , , , ,
564,5941.21,6021.71,5670.13,6287.98, , , , ,
565,5941.22,6021.71,5670.13,6287.98, , , , ,
566,5941.21,6021.71,5670.13,6287.98, , , , ,
567,5941.21,6021.71,5670.13,6287.98, , , , ,
568,5941.21,6021.71,5670.13,6287.98, , , , ,
569,5941.21,6021.71,5670.13,6287.98, , , , ,
570,5941.21,6021.71,5670.13,6287.98, , , , ,
571,5941.35,6021.71,5670.13,6287.98, , , , ,
572,5941.49,6021.71,5670.13,6287.98, , , , ,
573,5941.49,6021.71,5670.13,6287.98, , , , ,
574,5946.2,6021.71,5670.13,6287.98, , , , ,
575,5952.19,6021.71,5670.13,6287.98, , , , ,
576,5952.19,6021.75,5670.13,6287.98, , , , ,
577,5952.19,6021.96,5670.13,6287.98, , , , ,
578,5952.19,6022.43,5670.13,6287.98, , , , ,
579,5952.19,6022.43,5670.13,6287.98, , , , ,
580,5952.19,6022.43,5670.13,6287.98, , , , ,
581,5952.19,6022.43,5670.13,6287.98, , , , ,
582,5952.19,6022.43,5670.13,6287.98, , , , ,
583,5952.19,6022.43,5670.13,6287.98, , , , ,
584,5952.19,6022.74,5670.13,6287.98, , , , ,
585,5952.19,6022.43,5670.13,6287.98, , , , ,
586,5952.19,6022.43,5670.13,6287.98, , , , ,
587,5952.19,6022.43,5670.13,6287.98, , , , ,
588,5952.19,6022.43,5670.13,6287.98, , , , ,
589,5952.19,6022.43,5670.13,6287.98, , , , ,
590,5952.19,6022.43,5670.13,6287.98, , , , ,
591,5952.19,6022.43,5670.13,6287.98, , , , ,
592,5952.19,6022.43,5670.13,6287.98, , , , ,
593,5952.19,6022.43,5670.13,6287.98, , , , ,
594,5952.19,6022.43,5670.13,6287.98, , , , ,
595,5952.19,6022.74,5670.13,6287.98, , , , ,
596,5952.19,6025.15,5670.13,6287.98, , , , ,
597,5952.19,6037.85,5670.13,6287.98, , , , ,
598,5952.19,6037.85,5670.13,6287.98, , , , ,
599,5952.19,6037.89,5670.13,6287.98, , , , ,
600,5952.19,6287.98, , , , , , ,
601,5952.19,6287.98, , , , , , ,
602,5952.19,6287.98, , , , , , ,
603,5952.19,6287.98, , , , , , ,
604,5952.19,6287.98, , , , , , ,
605,5952.19,6287.98, , , , , , ,
606,5952.19,6287.98, , , , , , ,
607,5952.19,6287.98, , , , , , ,
608,5952.19,6287.98, , , , , , ,
609,5952.19,6287.98, , , , , , ,
610,5952.19,6287.98, , , , , , ,
611,5952.19,6287.98, , , , , , ,
612,5952.19,6287.98, , , , , , ,
613,5952.19,6287.98, , , , , , ,
614,5952.19,6287.98, , , , , , ,
615,5952.19,6287.98, , , , , , ,
616,5952.19,6287.98, , , , , , ,
617,5952.19,6287.98, , , , , , ,
618,5952.19,6287.98, , , , , , ,
619,5952.19,6287.98, , , , , , ,
620,5952.19,6287.98, , , , , , ,
621,5952.19,6287.98, , , , , , ,
622,5952.19,6287.98, , , , , , ,
623,5952.19,6287.98, , , , , , ,
624,5952.19,6287.98, , , , , , ,
625,5952.19,6287.98, , , , , , ,
626,5952.19,6287.98, , , , , , ,
627,5952.19,6287.98, , , , , , ,
628,5952.19,6287.98, , , , , , ,
629,5952.19,6287.98, , , , , , ,
630,5952.19,6287.98, , , , , , ,
631,5952.19,6287.98, , , , , , ,
632,5952.19,6287.98, , , , , , ,
633,5952.19,6287.98, , , , , , ,
634,5952.19,6287.98, , , , , , ,
635,5952.19,6287.98, , , , , , ,
636,5952.19,6287.98, , , , , , ,
637,5952.19,6287.98, , , , , , ,
638,5952.19,6287.98, , , , , , ,
639,5952.19,6287.98, , , , , , ,
640,5952.19,6287.98, , , , , , ,
641,5952.19,6287.98, , , , , , ,
642,5952.19,6287.98, , , , , , ,
643,5952.19,6287.98, , , , , , ,
644,5952.19,6287.98, , , , , , ,
645,5952.19,6287.98, , , , , , ,
646,5952.19,6287.98, , , , , , ,
647,5952.19,6287.98, , , , , , ,
648,5952.19,6287.98, , , , , , ,
649,5952.19,6287.98, , , , , , ,
650,5952.19,6287.98, , , , , , ,
651,5952.19,6287.98, , , , , , ,
652,5952.19,6287.98, , , , , , ,
653,5952.19,6287.98, , , , , , ,
654,5952.19,6287.98, , , , , , ,
655,5952.19,6287.98, , , , , , ,
656,5952.19,6287.98, , , , , , ,
657,5952.19,6287.98, , , , , , ,
658,5952.19,6287.98, , , , , , ,
659,5952.19,6287.98, , , , , , ,
660,5952.19,6287.98, , , , , , ,
661,5952.19,6287.98, , , , , , ,
662,5952.19,6287.98, , , , , , ,
663,5952.19,6287.98, , , , , , ,
664,5952.19,6287.98, , , , , , ,
665,5952.19,6287.98, , , , , , ,
666,5952.19,6287.98, , , , , , ,
667,5952.19,6287.98, , , , , , ,
668,5952.19,6287.98, , , , , , ,
669,5952.19,6287.98, , , , , , ,
670,5952.19,6287.98, , , , , , ,
671,5952.19,6287.98, , , , , , ,
672,5952.19,6287.98, , , , , , ,
673,5952.19,6287.98, , , , , , ,
674,5952.19,6287.98, , , , , , ,
675,5952.19,6287.98, , , , , , ,
676,5952.19,6287.98, , , , , , ,
677,5952.19,6287.98, , , , , , ,
678,5952.19,6287.98, , , , , , ,
679,5952.19,6287.98, , , , , , ,
680,5952.19,6287.98, , , , , , ,
681,5952.19,6287.98, , , , , , ,
682,5952.19,6287.98, , , , , , ,
683,5952.19,6287.98, , , , , , ,
684,5952.19,6287.98, , , , , , ,
685,5952.19,6287.98, , , , , , ,
686,5952.19,6287.98, , , , , , ,
687,5952.19,6287.98, , , , , , ,
688,5952.19,6287.98, , , , , , ,
689,5952.19,6287.98, , , , , , ,
690,5952.19,6287.98, , , , , , ,
691,5952.19,6287.98, , , , , , ,
692,5952.19,6287.98, , , , , , ,
693,5952.19,6287.98, , , , , , ,
694,5952.19,6287.98, , , , , , ,
695,5952.19,6287.98, , , , , , ,
696,5952.19,6287.98, , , , , , ,
697,5952.19,6287.98, , , , , , ,
698,5952.19,6287.98, , , , , , ,
699,5952.19,6287.98, , , , , , ,
700,5952.19,6287.98, , , , , , ,
701,5952.19,6287.98, , , , , , ,
702,5952.19,6287.98, , , , , , ,
703,5952.19,6287.98, , , , , , ,
704,5952.19,6287.98, , , , , , ,
705,5952.19,6287.98, , , , , , ,
706,5952.19,6287.98, , , , , , ,
707,5952.19,6287.98, , , , , , ,
708,5952.19,6288.03, , , , , , ,
709,5952.19,6287.98, , , , , , ,
710,5952.19,6287.98, , , , , , ,
711,5952.19,6287.98, , , , , , ,
712,5952.19,6287.98, , , , , , ,
713,5952.19,6287.98, , , , , , ,
714,5952.19,6287.98, , , , , , ,
715,5952.19,6287.98, , , , , , ,
716,5952.19,6287.98, , , , , , ,
717,5952.19,6287.98, , , , , , ,
718,5952.19,6287.98, , , , , , ,
719,5952.19,6287.98, , , , , , ,
720,5952.19,6287.98, , , , , , ,
721,5952.19,6287.98, , , , , , ,
722,5952.19,6287.98, , , , , , ,
723,5952.19,6287.98, , , , , , ,
724,5952.19,6287.98, , , , , , ,
725,5952.19,6287.98, , , , , , ,
726,5952.19,6287.98, , , , , , ,
727,5952.19,6287.98, , , , , , ,
728,5952.19,6287.98, , , , , , ,
729,5952.19,6287.98, , , , , , ,
730,5952.19,6287.98, , , , , , ,
731,5952.19,6287.98, , , , , , ,
732,5952.19,6287.98, , , , , , ,
733,5952.19,6287.98, , , , , , ,
734,5952.19,6287.98, , , , , , ,
735,5952.19,6287.98, , , , , , ,
736,5952.19,6287.98, , , , , , ,
737,5952.19,6287.98, , , , , , ,
738,5952.19,6287.98, , , , , , ,
739,5952.19,6287.98, , , , , , ,
740,5952.19,6287.98, , , , , , ,
741,5952.19,6287.98, , , , , , ,
742,5952.19,6287.98, , , , , , ,
743,5952.19,6287.98, , , , , , ,
744,5952.19,6287.98, , , , , , ,
745,5952.19,6287.98, , , , , , ,
746,5952.19,6287.98, , , , , , ,
747,5952.19,6287.98, , , , , , ,
748,5952.19,6287.98, , , , , , ,
749,5952.19,6287.98, , , , , , ,
750,5952.19,6287.98, , , , , , ,
751,5952.19,6287.98, , , , , , ,
752,5952.19,6287.98, , , , , , ,
753,5952.19,6287.98, , , , , , ,
754,5952.19,6287.98, , , , , , ,
755,5952.19,6287.98, , , , , , ,
756,5952.19,6287.98, , , , , , ,
757,5952.19,6287.98, , , , , , ,
758,5952.19,6287.98, , , , , , ,
759,5952.19,6287.98, , , , , , ,
760,5952.19,6287.98, , , , , , ,
761,5952.19,6287.98, , , , , , ,
762,5952.19,6287.98, , , , , , ,
763,5952.19,6287.98, , , , , , ,
764,5952.19,6287.98, , , , , , ,
765,5952.19,6287.98, , , , , , ,
766,5952.19,6287.98, , , , , , ,
767,5952.19,6287.98, , , , , , ,
768,5952.19,6287.98, , , , , , ,
769,5952.19,6287.98, , , , , , ,
770,5952.19,6287.98, , , , , , ,
771,5952.19,6287.98, , , , , , ,
772,5952.19,6287.98, , , , , , ,
773,5952.19,6287.98, , , , , , ,
774,5952.19,6287.98, , , , , , ,
775,5952.19,6287.98, , , , , , ,
776,5952.19,6287.98, , , , , , ,
777,5952.19,6287.98, , , , , , ,
778,5952.19,6287.98, , , , , , ,
779,5952.19,6287.98, , , , , , ,
780,5952.19,6287.98, , , , , , ,
781,5952.19,6287.98, , , , , , ,
782,5952.19,6287.98, , , , , , ,
783,5952.19,6287.98, , , , , , ,
784,5952.19,6287.98, , , , , , ,
785,5952.19,6287.98, , , , , , ,
786,5952.19,6287.98, , , , , , ,
787,5952.19,6287.98, , , , , , ,
788,5952.19,6287.98, , , , , , ,
789,5952.19,6287.98, , , , , , ,
790,5952.19,6287.98, , , , , , ,
791,5952.19,6287.98, , , , , , ,
792,5952.19,6287.98, , , , , , ,
793,5952.19,6287.98, , , , , , ,
794,5952.19,6287.98, , , , , , ,
795,5952.19,6287.98, , , , , , ,
796,5952.19,6287.98, , , , , , ,
797,5952.19,6287.98, , , , , , ,
798,5952.19,6287.98, , , , , , ,
799,5952.19,6287.98, , , , , , ,
800,6287.98, , , , , , , ,
801,6287.98, , , , , , , ,
802,6287.98, , , , , , , ,
803,6287.98, , , , , , , ,
804,6287.98, , , , , , , ,
805,6287.98, , , , , , , ,
806,6287.98, , , , , , , ,
807,6287.98, , , , , , , ,
808,6287.98, , , , , , , ,
809,6287.98, , , , , , , ,
810,6287.98, , , , , , , ,
811,6287.98, , , , , , , ,
812,6287.98, , , , , , , ,
813,6287.98, , , , , , , ,
814,6287.98, , , , , , , ,
815,6287.98, , , , , , , ,
816,6287.98, , , , , , , ,
817,6287.98, , , , , , , ,
818,6287.98, , , , , , , ,
819,6287.98, , , , , , , ,
820,6287.98, , , , , , , ,
821,6287.98, , , , , , , ,
822,6287.98, , , , , , , ,
823,6287.98, , , , , , , ,
824,6287.98, , , , , , , ,
825,6287.98, , , , , , , ,
826,6287.98, , , , , , , ,
827,6287.98, , , , , , , ,
828,6287.98, , , , , , , ,
829,6287.98, , , , , , , ,
830,6287.98, , , , , , , ,
831,6287.98, , , , , , , ,
832,6287.98, , , , , , , ,
833,6287.98, , , , , , , ,
834,6287.98, , , , , , , ,
835,6287.98, , , , , , , ,
836,6287.98, , , , , , , ,
837,6287.99, , , , , , , ,
838,6287.98, , , , , , , ,
839,6287.98, , , , , , , ,
840,6287.98, , , , , , , ,
841,6287.98, , , , , , , ,
842,6287.98, , , , , , , ,
843,6287.98, , , , , , , ,
844,6287.98, , , , , , , ,
845,6287.98, , , , , , , ,
846,6287.98, , , , , , , ,
847,6287.98, , , , , , , ,
848,6287.98, , , , , , , ,
849,6287.98, , , , , , , ,
850,6287.98, , , , , , , ,
851,6287.98, , , , , , , ,
852,6287.98, , , , , , , ,
853,6287.98, , , , , , , ,
854,6287.98, , , , , , , ,
855,6287.98, , , , , , , ,
856,6288.1, , , , , , , ,
857,6288.1, , , , , , , ,
858,6287.98, , , , , , , ,
859,6287.98, , , , , , , ,
860,6287.98, , , , , , , ,
861,6287.98, , , , , , , ,
862,6287.98, , , , , , , ,
863,6287.98, , , , , , , ,
864,6287.98, , , , , , , ,
865,6287.98, , , , , , , ,
866,6287.98, , , , , , , ,
867,6287.98, , , , , , , ,
868,6287.98, , , , , , , ,
869,6287.98, , , , , , , ,
870,6287.98, , , , , , , ,
871,6287.98, , , , , , , ,
872,6287.98, , , , , , , ,
873,6287.98, , , , , , , ,
874,6287.98, , , , , , , ,
875,6287.98, , , , , , , ,
876,6287.98, , , , , , , ,
877,6287.98, , , , , , , ,
878,6287.98, , , , , , , ,
879,6287.98, , , , , , , ,
880,6287.98, , , , , , , ,
881,6287.98, , , , , , , ,
882,6287.98, , , , , , , ,
883,6287.98, , , , , , , ,
884,6287.98, , , , , , , ,
885,6287.98, , , , , , , ,
886,6287.98, , , , , , , ,
887,6287.98, , , , , , , ,
888,6287.98, , , , , , , ,
889,6287.98, , , , , , , ,
890,6287.98, , , , , , , ,
891,6287.98, , , , , , , ,
892,6287.98, , , , , , , ,
893,6287.98, , , , , , , ,
894,6287.98, , , , , , , ,
895,6287.98, , , , , , , ,
896,6287.98, , , , , , , ,
897,6287.98, , , , , , , ,
898,6287.98, , , , , , , ,
899,6287.98, , , , , , , ,
900,6287.98, , , , , , , ,
901,6287.98, , , , , , , ,
902,6287.98, , , , , , , ,
903,6287.98, , , , , , , ,
904,6287.98, , , , , , , ,
905,6287.98, , , , , , , ,
906,6287.98, , , , , , , ,
907,6287.98, , , , , , , ,
908,6287.98, , , , , , , ,
909,6287.98, , , , , , , ,
910,6287.98, , , , , , , ,
911,6287.98, , , , , , , ,
912,6287.98, , , , , , , ,
913,6287.98, , , , , , , ,
914,6287.98, , , , , , , ,
915,6287.98, , , , , , , ,
916,6287.98, , , , , , , ,
917,6287.98, , , , , , , ,
918,6287.98, , , , , , , ,
919,6287.98, , , , , , , ,
920,6288, , , , , , , ,
921,6288.58, , , , , , , ,
922,6287.98, , , , , , , ,
923,6287.98, , , , , , , ,
924,6287.98, , , , , , , ,
925,6287.98, , , , , , , ,
926,6287.98, , , , , , , ,
927,6287.98, , , , , , , ,
928,6287.98, , , , , , , ,
929,6287.98, , , , , , , ,
930,6287.98, , , , , , , ,
931,6287.98, , , , , , , ,
932,6287.98, , , , , , , ,
933,6287.98, , , , , , , ,
934,6287.98, , , , , , , ,
935,6287.98, , , , , , , ,
936,6287.98, , , , , , , ,
937,6287.98, , , , , , , ,
938,6287.98, , , , , , , ,
939,6287.98, , , , , , , ,
940,6287.98, , , , , , , ,
941,6287.98, , , , , , , ,
942,6287.98, , , , , , , ,
943,6287.98, , , , , , , ,
944,6287.98, , , , , , , ,
945,6287.98, , , , , , , ,
946,6287.98, , , , , , , ,
947,6287.98, , , , , , , ,
948,6287.98, , , , , , , ,
949,6287.98, , , , , , , ,
950,6287.98, , , , , , , ,
951,6287.98, , , , , , , ,
952,6287.98, , , , , , , ,
953,6287.98, , , , , , , ,
954,6287.98, , , , , , , ,
955,6287.98, , , , , , , ,
956,6287.98, , , , , , , ,
957,6287.98, , , , , , , ,
958,6287.98, , , , , , , ,
959,6288.26, , , , , , , ,
960,6287.98, , , , , , , ,
961,6287.98, , , , , , , ,
962,6287.98, , , , , , , ,
963,6287.98, , , , , , , ,
964,6287.98, , , , , , , ,
965,6287.98, , , , , , , ,
966,6287.98, , , , , , , ,
967,6287.98, , , , , , , ,
968,6287.98, , , , , , , ,
969,6287.98, , , , , , , ,
970,6287.98, , , , , , , ,
971,6287.98, , , , , , , ,
972,6287.98, , , , , , , ,
973,6287.98, , , , , , , ,
974,6287.98, , , , , , , ,
975,6287.98, , , , , , , ,
976,6288.21, , , , , , , ,
977,6287.98, , , , , , , ,
978,6287.98, , , , , , , ,
979,6287.98, , , , , , , ,
980,6287.98, , , , , , , ,
981,6287.98, , , , , , , ,
982,6287.98, , , , , , , ,
983,6287.98, , , , , , , ,
984,6287.98, , , , , , , ,
985,6287.98, , , , , , , ,
986,6287.98, , , , , , , ,
987,6287.98, , , , , , , ,
988,6288.02, , , , , , , ,
989,6287.98, , , , , , , ,
990,6287.98, , , , , , , ,
991,6287.98, , , , , , , ,
992,6287.98, , , , , , , ,
993,6287.98, , , , , , , ,
994,6287.98, , , , , , , ,
995,6287.98, , , , , , , ,
996,6287.98, , , , , , , ,
997,6287.98, , , , , , , ,
998,6287.98, , , , , , , ,
999,6287.98, , , , , , , ,
1000,6287.98, , , , , , , ,
1001,6287.98, , , , , , , ,
1002,6287.98, , , , , , , ,
1003,6287.98, , , , , , , ,
1004,6287.98, , , , , , , ,
1005,6287.98, , , , , , , ,
1006,6287.98, , , , , , , ,
1007,6287.98, , , , , , , ,
1008,6287.98, , , , , , , ,
1009,6287.98, , , , , , , ,
1010,6287.98, , , , , , , ,
1011,6287.98, , , , , , , ,
1012,6287.98, , , , , , , ,
1013,6287.98, , , , , , , ,
1014,6287.98, , , , , , , ,
1015,6287.98, , , , , , , ,
1016,6287.98, , , , , , , ,
1017,6287.98, , , , , , , ,
1018,6287.98, , , , , , , ,
1019,6287.98, , , , , , , ,
1020,6289.21, , , , , , , ,
1021,6292.79, , , , , , , ,
1022,6292.79, , , , , , , ,
1023,6292.79, , , , , , , ,
1024,6292.79, , , , , , , ,
1025,6292.79, , , , , , , ,
1026,6292.79, , , , , , , ,
1027,6292.79, , , , , , , ,
1028,6292.79, , , , , , , ,
1029,6292.79, , , , , , , ,
1030,6292.79, , , , , , , ,
1031,6292.79, , , , , , , ,
1032,6292.79, , , , , , , ,
1033,6292.79, , , , , , , ,
1034,6292.79, , , , , , , ,
1035,6292.79, , , , , , , ,
1036,6292.79, , , , , , , ,
1037,6292.79, , , , , , , ,
1038,6292.79, , , , , , , ,
1039,6292.79, , , , , , , ,
1040,6292.79, , , , , , , ,
1041,6292.79, , , , , , , ,
1042,6292.79, , , , , , , ,
1043,6292.79, , , , , , , ,
1044,6292.79, , , , , , , ,
1045,6292.79, , , , , , , ,
1046,6292.79, , , , , , , ,
1047,6292.79, , , , , , , ,
1048,6292.79, , , , , , , ,
1049,6292.79, , , , , , , ,
1050,6292.79, , , , , , , ,
1051,6292.79, , , , , , , ,
1052,6292.79, , , , , , , ,
1053,6292.79, , , , , , , ,
1054,6292.79, , , , , , , ,
1055,6292.79, , , , , , , ,
1056,6292.79, , , , , , , ,
1057,6292.79, , , , , , , ,
1058,6292.79, , , , , , , ,
1059,6292.79, , , , , , , ,
1060,6292.79, , , , , , , ,
1061,6292.79, , , , , , , ,
1062,6292.79, , , , , , , ,
1063,6292.79, , , , , , , ,
1064,6292.79, , , , , , , ,
1065,6292.79, , , , , , , ,
1066,6292.79, , , , , , , ,
1067,6292.79, , , , , , , ,
1068,6292.79, , , , , , , ,
1069,6292.79, , , , , , , ,
1070,6292.79, , , , , , , ,
1071,6292.79, , , , , , , ,
1072,6292.79, , , , , , , ,
1073,6292.79, , , , , , , ,
1074,6292.79, , , , , , , ,
1075,6292.79, , , , , , , ,
1076,6292.79, , , , , , , ,
1077,6292.79, , , , , , , ,
1078,6292.79, , , , , , , ,
1079,6292.79, , , , , , , ,
1080,6292.79, , , , , , , ,
1081,6292.79, , , , , , , ,
1082,6292.79, , , , , , , ,
1083,6292.79, , , , , , , ,
1084,6292.79, , , , , , , ,
1085,6292.79, , , , , , , ,
1086,6292.79, , , , , , , ,
1087,6292.79, , , , , , , ,
1088,6292.79, , , , , , , ,
1089,6292.79, , , , , , , ,
1090,6292.79, , , , , , , ,
1091,6292.79, , , , , , , ,
1092,6292.79, , , , , , , ,
1093,6292.79, , , , , , , ,
1094,6292.79, , , , , , , ,
1095,6292.79, , , , , , , ,
1096,6292.79, , , , , , , ,
1097,6292.79, , , , , , , ,
1098,6292.79, , , , , , , ,
1099,6292.79, , , , , , , ,
1100,6292.79, , , , , , , ,
1101,6292.79, , , , , , , ,
1102,6292.79, , , , , , , ,
1103,6292.79, , , , , , , ,
1104,6292.79, , , , , , , ,
1105,6292.79, , , , , , , ,
1106,6292.79, , , , , , , ,
1107,6292.79, , , , , , , ,
1108,6292.79, , , , , , , ,
1109,6292.79, , , , , , , ,
1110,6292.79, , , , , , , ,
1111,6292.79, , , , , , , ,
1112,6292.79, , , , , , , ,
1113,6292.79, , , , , , , ,
1114,6292.79, , , , , , , ,
1115,6292.79, , , , , , , ,
1116,6292.79, , , , , , , ,
1117,6292.79, , , , , , , ,
1118,6292.79, , , , , , , ,
1119,6292.79, , , , , , , ,
1120,6292.79, , , , , , , ,
1121,6292.79, , , , , , , ,
1122,6292.79, , , , , , , ,
1123,6292.79, , , , , , , ,
1124,6292.79, , , , , , , ,
1125,6292.79, , , , , , , ,
1126,6292.79, , , , , , , ,
1127,6292.79, , , , , , , ,
1128,6292.79, , , , , , , ,
1129,6292.79, , , , , , , ,
1130,6292.79, , , , , , , ,
1131,6292.79, , , , , , , ,
1132,6292.79, , , , , , , ,
1133,6292.79, , , , , , , ,
1134,6292.79, , , , , , , ,
1135,6292.79, , , , , , , ,
1136,6292.79, , , , , , , ,
1137,6292.79, , , , , , , ,
1138,6292.79, , , , , , , ,
1139,6292.79, , , , , , , ,
1140,6292.79, , , , , , , ,
1141,6292.79, , , , , , , ,
1142,6292.79, , , , , , , ,
1143,6292.79, , , , , , , ,
1144,6292.79, , , , , , , ,
1145,6292.79, , , , , , , ,
1146,6292.79, , , , , , , ,
1147,6292.79, , , , , , , ,
1148,6292.79, , , , , , , ,
1149,6292.79, , , , , , , ,
1150,6292.79, , , , , , , ,
1151,6292.79, , , , , , , ,
1152,6292.79, , , , , , , ,
1153,6292.79, , , , , , , ,
1154,6292.79, , , , , , , ,
1155,6292.79, , , , , , , ,
1156,6292.79, , , , , , , ,
1157,6292.79, , , , , , , ,
1158,6292.79, , , , , , , ,
1159,6292.79, , , , , , , ,
1160,6292.79, , , , , , , ,
1161,6292.79, , , , , , , ,
1162,6292.79, , , , , , , ,
1163,6292.79, , , , , , , ,
1164,6292.79, , , , , , , ,
1165,6292.79, , , , , , , ,
1166,6292.79, , , , , , , ,
1167,6292.79, , , , , , , ,
1168,6292.79, , , , , , , ,
1169,6292.79, , , , , , , ,
1170,6292.79, , , , , , , ,
1171,6292.79, , , , , , , ,
1172,6292.79, , , , , , , ,
1173,6292.79, , , , , , , ,
1174,6292.79, , , , , , , ,
1175,6292.79, , , , , , , ,
1176,6292.79, , , , , , , ,
1177,6292.79, , , , , , , ,
1178,6292.79, , , , , , , ,
1179,6292.79, , , , , , , ,
1180,6292.79, , , , , , , ,
1181,6292.79, , , , , , , ,
1182,6292.79, , , , , , , ,
1183,6292.79, , , , , , , ,
1184,6292.79, , , , , , , ,
1185,6292.79, , , , , , , ,
1186,6292.79, , , , , , , ,
1187,6292.79, , , , , , , ,
1188,6292.79, , , , , , , ,
1189,6292.79, , , , , , , ,
1190,6292.79, , , , , , , ,
1191,6292.79, , , , , , , ,
1192,6292.79, , , , , , , ,
1193,6292.79, , , , , , , ,
1194,6292.79, , , , , , , ,
1195,6292.79, , , , , , , ,
1196,6292.79, , , , , , , ,
1197,6292.79, , , , , , , ,
1198,6292.79, , , , , , , ,
1199,6292.79, , , , , , , ,
1200,6292.79, , , , , , , ,
1201,6292.79, , , , , , , ,
1202,6292.79, , , , , , , ,
1203,6292.79, , , , , , , ,
1204,6292.79, , , , , , , ,
1205,6292.79, , , , , , , ,
1206,6292.79, , , , , , , ,
1207,6292.79, , , , , , , ,
1208,6292.79, , , , , , , ,
1209,6292.79, , , , , , , ,
1210,6292.79, , , , , , , ,
1211,6292.79, , , , , , , ,
1212,6292.79, , , , , , , ,
1213,6292.79, , , , , , , ,
1214,6292.79, , , , , , , ,
1215,6292.79, , , , , , , ,
1216,6292.79, , , , , , , ,
1217,6292.79, , , , , , , ,
1218,6292.79, , , , , , , ,
1219,6292.79, , , , , , , ,
1220,6292.79, , , , , , , ,
1221,6292.79, , , , , , , ,
1222,6292.79, , , , , , , ,
1223,6292.79, , , , , , , ,
1224,6292.79, , , , , , , ,
1225,6292.79, , , , , , , ,
1226,6292.79, , , , , , , ,
1227,6292.79, , , , , , , ,
1228,6292.79, , , , , , , ,
1229,6292.79, , , , , , , ,
1230,6292.86, , , , , , , ,
1231,6292.79, , , , , , , ,
1232,6292.79, , , , , , , ,
1233,6292.79, , , , , , , ,
1234,6292.79, , , , , , , ,
1235,6292.79, , , , , , , ,
1236,6292.79, , , , , , , ,
1237,6292.79, , , , , , , ,
1238,6292.79, , , , , , , ,
1239,6292.79, , , , , , , ,
1240,6292.79, , , , , , , ,
1241,6292.79, , , , , , , ,
1242,6292.79, , , , , , , ,
1243,6292.79, , , , , , , ,
1244,6292.79, , , , , , , ,
1245,6292.79, , , , , , , ,
1246,6292.79, , , , , , , ,
1247,6292.79, , , , , , , ,
1248,6292.79, , , , , , , ,
1249,6292.79, , , , , , , ,
1250,6292.79, , , , , , , ,
1251,6292.79, , , , , , , ,
1252,6292.79, , , , , , , ,
1253,6292.79, , , , , , , ,
1254,6292.79, , , , , , , ,
1255,6292.79, , , , , , , ,
1256,6292.79, , , , , , , ,
1257,6292.79, , , , , , , ,
1258,6292.79, , , , , , , ,
1259,6292.79, , , , , , , ,
1260,6292.79, , , , , , , ,
1261,6292.79, , , , , , , ,
1262,6292.79, , , , , , , ,
1263,6292.79, , , , , , , ,
1264,6292.79, , , , , , , ,
1265,6292.79, , , , , , , ,
1266,6292.79, , , , , , , ,
1267,6292.79, , , , , , , ,
1268,6292.79, , , , , , , ,
1269,6292.79, , , , , , , ,
1270,6292.79, , , , , , , ,
1271,6292.79, , , , , , , ,
1272,6292.79, , , , , , , ,
1273,6292.79, , , , , , , ,
1274,6292.79, , , , , , , ,
1275,6292.79, , , , , , , ,
1276,6292.79, , , , , , , ,
1277,6292.79, , , , , , , ,
1278,6292.79, , , , , , , ,
1279,6292.79, , , , , , , ,
1280,6292.82, , , , , , , ,
1281,6292.79, , , , , , , ,
1282,6292.79, , , , , , , ,
1283,6292.79, , , , , , , ,
1284,6292.79, , , , , , , ,
1285,6292.79, , , , , , , ,
1286,6292.79, , , , , , , ,
1287,6292.79, , , , , , , ,
1288,6292.79, , , , , , , ,
1289,6292.79, , , , , , , ,
1290,6292.79, , , , , , , ,
1291,6292.79, , , , , , , ,
1292,6292.79, , , , , , , ,
1293,6292.79, , , , , , , ,
1294,6292.79, , , , , , , ,
1295,6292.79, , , , , , , ,
1296,6292.79, , , , , , , ,
1297,6292.79, , , , , , , ,
1298,6292.79, , , , , , , ,
1299,6292.79, , , , , , , ,
1300,6292.79, , , , , , , ,
1301,6292.79, , , , , , , ,
1302,6292.79, , , , , , , ,
1303,6292.79, , , , , , , ,
1304,6292.79, , , , , , , ,
1305,6292.79, , , , , , , ,
1306,6292.79, , , , , , , ,
1307,6292.79, , , , , , , ,
1308,6292.79, , , , , , , ,
1309,6292.79, , , , , , , ,
1310,6292.79, , , , , , , ,
1311,6292.79, , , , , , , ,
1312,6292.79, , , , , , , ,
1313,6292.79, , , , , , , ,
1314,6292.79, , , , , , , ,
1315,6292.79, , , , , , , ,
1316,6292.79, , , , , , , ,
1317,6292.79, , , , , , , ,
1318,6292.79, , , , , , , ,
1319,6292.79, , , , , , , ,
1320,6292.79, , , , , , , ,
1321,6292.79, , , , , , , ,
1322,6292.79, , , , , , , ,
1323,6292.79, , , , , , , ,
1324,6292.79, , , , , , , ,
1325,6292.79, , , , , , , ,
1326,6292.79, , , , , , , ,
1327,6292.79, , , , , , , ,
1328,6292.79, , , , , , , ,
1329,6292.79, , , , , , , ,
1330,6292.79, , , , , , , ,
1331,6292.79, , , , , , , ,
1332,6292.79, , , , , , , ,
1333,6292.87, , , , , , , ,
1334,6292.79, , , , , , , ,
1335,6292.79, , , , , , , ,
1336,6292.79, , , , , , , ,
1337,6292.79, , , , , , , ,
1338,6292.79, , , , , , , ,
1339,6292.79, , , , , , , ,
1340,6292.79, , , , , , , ,
1341,6292.79, , , , , , , ,
1342,6292.79, , , , , , , ,
1343,6292.79, , , , , , , ,
1344,6292.79, , , , , , , ,
1345,6292.79, , , , , , , ,
1346,6292.79, , , , , , , ,
1347,6292.79, , , , , , , ,
1348,6292.79, , , , , , , ,
1349,6292.79, , , , , , , ,
1350,6292.91, , , , , , , ,
1351,6292.79, , , , , , , ,
1352,6292.79, , , , , , , ,
1353,6292.79, , , , , , , ,
1354,6292.79, , , , , , , ,
1355,6292.79, , , , , , , ,
1356,6292.79, , , , , , , ,
1357,6292.79, , , , , , , ,
1358,6292.79, , , , , , , ,
1359,6292.79, , , , , , , ,
1360,6292.79, , , , , , , ,
1361,6292.79, , , , , , , ,
1362,6292.79, , , , , , , ,
1363,6292.79, , , , , , , ,
1364,6292.79, , , , , , , ,
1365,6292.79, , , , , , , ,
1366,6292.79, , , , , , , ,
1367,6292.79, , , , , , , ,
1368,6292.79, , , , , , , ,
1369,6292.79, , , , , , , ,
1370,6292.79, , , , , , , ,
1371,6292.79, , , , , , , ,
1372,6292.79, , , , , , , ,
1373,6292.79, , , , , , , ,
1374,6292.79, , , , , , , ,
1375,6292.79, , , , , , , ,
1376,6292.79, , , , , , , ,
1377,6292.79, , , , , , , ,
1378,6292.79, , , , , , , ,
1379,6292.79, , , , , , , ,
1380,6292.79, , , , , , , ,
1381,6292.79, , , , , , , ,
1382,6292.79, , , , , , , ,
1383,6292.79, , , , , , , ,
1384,6292.79, , , , , , , ,
1385,6292.79, , , , , , , ,
1386,6292.79, , , , , , , ,
1387,6292.79, , , , , , , ,
1388,6292.79, , , , , , , ,
1389,6292.79, , , , , , , ,
1390,6292.79, , , , , , , ,
1391,6292.79, , , , , , , ,
1392,6292.79, , , , , , , ,
1393,6292.79, , , , , , , ,
1394,6292.79, , , , , , , ,
1395,6292.79, , , , , , , ,
1396,6292.79, , , , , , , ,
1397,6292.79, , , , , , , ,
1398,6292.79, , , , , , , ,
1399,6292.79, , , , , , , ,
1400, , , , , , , , ,
