Index of Gen, I#1: Average Value of Gen, I#2: Average Value of Gen, I#3: Average Value of Gen, I#4: Average Value of Gen, I#5: Average Value of Gen, I#6: Average Value of Gen, I#7: Average Value of Gen, I#8: Average Value of Gen, I#9: Average Value of Gen, I#10: Average Value of Gen, 
0,458.422,344.077,430.077,409.763,370.26,317.483,588.981,461.016,491.567,524.34,
1,746.624,714.352,663.775,645.264,638.903,321.532,597.734,400.293,742.906,719.071,
2,921.342,864.137,792.005,796.735,784.119,425.471,844.331,551.265,874.152,833.813,
3,944.971,958.929,861.891,897.932,907.713,543.76,973.03,656.358,986.916,907.813,
4,944.971,1034.74,920.042,993.76,1006.65,646.257,1077.93,762.039,1098.71,1041.32,
5,944.971,1114.8,1042.77,1076.02,1091.4,741.855,1172.11,839.778,1161.75,1132.4,
6,944.971,1160.14,1103.25,1163.56,1201.75,851.763,1297.64,945.04,1253.97,1184.38,
7,944.971,1211.08,1134.82,1219.65,1280.53,945.667,1371.87,1028.98,1324.62,1240.08,
8,944.971,1255.8,1180.05,1325.55,1366.76,982.909,1429.73,1101.86,1379.28,1293.64,
9,944.971,1282.83,1216.99,1418.49,1443.31,1063.97,1477.28,1170.33,1438.85,1299.38,
10,944.971,1369.4,1260.91,1431.58,1507.09,1144.32,1541.35,1248.01,1498.19,1334.68,
11,944.971,1401.62,1356.62,1471.02,1568.81,1205.06,1603.95,1297.26,1519.8,1403.12,
12,944.971,1475.34,1430.12,1493.24,1624.63,1277.78,1639.22,1399.26,1585.54,1461.88,
13,944.971,1561.99,1506.91,1552.57,1695.82,1363.75,1691.37,1485,1645.42,1517.83,
14,944.971,1570.72,1515.84,1612.32,1769.94,1431.91,1765.64,1533.46,1717.27,1587.92,
15,944.971,1648.76,1540.85,1699.14,1800.99,1490.54,1805.94,1568.84,1762.63,1622.86,
16,944.971,1736.48,1596.63,1777.56,1863.6,1578.46,1874.68,1598.9,1810.19,1676.6,
17,944.971,1741.18,1651.84,1817.37,1905.95,1659.66,1915.35,1624.93,1846.71,1700.63,
18,944.971,1831.92,1734.87,1868.38,1947.05,1712.37,1927.63,1662.65,1915.37,1720.92,
19,944.971,1832.55,1749.05,1931.96,1997.63,1768.85,1959.53,1740.79,1992.57,1753.33,
20,944.971,1832.95,1799.03,1987.39,2051.16,1841.91,1987.1,1795.16,2038.93,1809.45,
21,944.971,1834.92,1857.98,2013.75,2087.01,1868.42,2052.87,1833.57,2107.07,1834.63,
22,944.971,1844.2,1914.93,2028.23,2114.32,1883.76,2113.33,1902.14,2135.8,1871.49,
23,944.971,1908.12,1957.33,2106.98,2138.8,1891.79,2172.97,1936.73,2153.59,1969.35,
24,944.971,1913.4,1973.43,2180.33,2143.13,1919.38,2241.86,1975.71,2203.41,2011.09,
25,944.971,1913.71,1984.55,2218.76,2151.9,1972.25,2288.22,2012.61,2273.11,2054.55,
26,944.971,1922.78,2047.67,2296.78,2179.16,2016.85,2314.72,2043.25,2297.37,2073.91,
27,944.971,1933.94,2051,2340.43,2217.28,2074.56,2385.12,2094.37,2342,2119.41,
28,944.971,1972.65,2051,2398.24,2253.99,2102.73,2403.13,2179.21,2377.4,2134.69,
29,944.971,2024.39,2051,2423.57,2282.74,2128.42,2440.08,2234.85,2410.16,2148.3,
30,944.971,2051.72,2051,2467.33,2307.99,2147.24,2475.29,2268.1,2441.57,2185.06,
31,944.971,2051.72,2051,2533.91,2333.29,2177.49,2525.35,2314.32,2455.9,2207.51,
32,944.971,2051.72,2051,2566.42,2401.13,2231.71,2570.65,2373.94,2485.02,2235.84,
33,944.971,2051.72,2052.52,2596.79,2401.13,2294.09,2630.44,2397.42,2509.68,2265.72,
34,944.971,2051.72,2094.98,2670.12,2449.26,2343.06,2659.59,2456.53,2564.37,2292.98,
35,944.971,2051.72,2123.72,2742.71,2494.92,2357.3,2696.65,2489.28,2627.16,2307.93,
36,944.971,2051.72,2162.23,2772.71,2510.46,2393.02,2711.08,2557.26,2651.34,2354.99,
37,944.971,2051.72,2231.09,2773.25,2552.48,2447.88,2743.44,2645.01,2700.39,2411.64,
38,944.971,2051.72,2273.39,2791.25,2657.72,2470.89,2796.21,2699.27,2745.29,2425.68,
39,944.971,2051.72,2350.64,2846.28,2706.93,2480.48,2881.26,2799.42,2810.69,2453.52,
40,944.971,2052.6,2406.29,2888.11,2744.44,2503.39,2918.93,2874.35,2833.37,2533.21,
41,944.971,2054.77,2477.35,2913.52,2818.37,2520.21,2955.17,2892.77,2846.63,2562.45,
42,944.971,2065.97,2482.06,2997.49,2880.46,2557.78,3014.11,2914.58,2870.06,2578.98,
43,944.971,2124.88,2482.91,3054.73,2884.83,2611.36,3019.35,2991.24,2903.34,2583.45,
44,944.971,2151.18,2509.35,3055.48,2884.83,2647.99,3038.16,3046.81,2921.75,2572.33,
45,944.971,2180.85,2585.41,3059.21,2884.83,2665.29,3114.45,3098.12,2953.14,2574.27,
46,944.971,2188.77,2637.97,3073.79,2884.83,2707.63,3135.22,3103.83,2979.8,2593.74,
47,944.971,2232.33,2665.53,3110.9,2884.83,2720.09,3165.29,3119.11,2994.61,2607.51,
48,944.971,2265.65,2696.71,3178.41,2884.83,2759.02,3173.44,3190.65,3019.98,2635.81,
49,944.971,2266.59,2710.02,3217.23,2899.89,2796.19,3198.09,3230.19,3021.41,2655.56,
50,944.971,2276.03,2748.32,3244.66,2922.48,2839.95,3274.36,3241.7,3025.92,2678.14,
51,944.971,2277.37,2786.25,3324.21,2945.25,2883.5,3314.34,3268.13,3041.26,2695.41,
52,944.971,2281.79,2863.34,3371.15,2975.55,2912.88,3355.09,3305.05,3083.86,2697.52,
53,944.971,2324.23,2902.04,3371.48,3021.6,2950.94,3386.74,3343.93,3094.15,2719.28,
54,944.971,2324.23,2940.85,3394.97,3069.38,2987.84,3435.48,3408.23,3105.14,2721.07,
55,944.971,2324.23,2972.95,3445.53,3073.56,3013.54,3519.61,3459.52,3154.97,2745.79,
56,944.971,2352.64,2975.73,3507.95,3078.21,3093.9,3558.67,3479.39,3180.36,2791.23,
57,944.971,2365.95,2979.38,3584.14,3078.23,3116.65,3579.68,3535.68,3219.59,2819.13,
58,944.971,2400.07,2981.51,3594.51,3078.23,3143.7,3602.01,3575.81,3239.02,2841.02,
59,944.971,2453.8,2981.51,3607.08,3078.23,3168.63,3583.72,3601.36,3291.7,2829.87,
60,944.971,2453.8,2981.14,3610.79,3078.23,3203.66,3622.58,3638.62,3289.02,2822.49,
61,944.971,2453.8,2981.14,3657.98,3078.27,3205.73,3666.33,3690.56,3335.12,2875.22,
62,944.971,2454.43,2981.38,3657.98,3078.23,3208.61,3706.74,3737.25,3346.84,2892.2,
63,944.971,2471.15,2989.07,3660.56,3078.23,3213.17,3746.74,3782.85,3349.89,2927.77,
64,944.971,2491.53,2997.22,3665.03,3078.23,3240.86,3799.62,3816.48,3375.87,2957.4,
65,944.971,2491.53,3000.05,3668.65,3081.7,3255.76,3811.56,3827.24,3369.91,2967.96,
66,944.971,2557.13,3000.05,3695.61,3082.38,3272.3,3833.43,3827.28,3370.83,3028.55,
67,944.971,2646.48,3027.61,3723.33,3143.35,3299.92,3862.83,3827.24,3377.55,3050.18,
68,944.971,2646.48,3041.56,3723.33,3151.25,3314.89,3922.71,3827.24,3407.16,3058.21,
69,944.971,2646.48,3041.56,3723.33,3154.07,3324.34,3936.61,3827.95,3395.36,3090.73,
70,944.971,2646.48,3041.56,3723.33,3191.81,3355.96,3968.64,3834.75,3417.15,3104.43,
71,944.971,2646.48,3041.56,3723.33,3250.32,3390.75,3994.67,3838.77,3403.99,3122.31,
72,944.971,2646.48,3041.56,3723.33,3274.79,3400.47,3995.17,3853.53,3409.15,3122.78,
73,944.971,2646.48,3041.56,3723.33,3303.39,3423.26,3983.73,3858.29,3425.46,3160.53,
74,944.971,2646.48,3058.71,3724.13,3345.29,3472.22,3960.75,3890.01,3416.04,3180.83,
75,944.971,2646.48,3066.96,3730.02,3362.69,3542.86,3960.75,3906.15,3413.54,3188.4,
76,944.971,2646.96,3069.04,3773.19,3383.85,3569.81,3961.13,3938.21,3412.96,3229.71,
77,944.971,2646.48,3088.24,3803.85,3408.52,3594.6,3968.04,3949.14,3433.72,3250.7,
78,944.971,2646.48,3167.6,3827.13,3449.9,3604.91,3972.3,3940.53,3437.18,3276.36,
79,944.971,2646.48,3195.74,3857.35,3480.89,3604.91,3970.83,3954.55,3432.29,3317.51,
80,944.971,2646.48,3195.74,3893.36,3544.01,3604.91,3972.02,3969.83,3427.04,3342.66,
81,944.971,2647.11,3195.74,3919.06,3616.77,3605.02,3970.83,3981.57,3427.31,3351.04,
82,944.971,2664.54,3195.74,3919.89,3648.31,3606.88,3971.03,3995.59,3451.79,3358.54,
83,944.971,2702.85,3195.74,3932.76,3682.99,3609.56,3975.01,4029.91,3486.51,3339.04,
84,944.971,2718.35,3195.74,3964.09,3707.45,3615.29,3984.78,4044.03,3503,3339.84,
85,944.971,2726.36,3195.74,3990.59,3754.56,3627.9,3987.24,4028.37,3501.27,3363.81,
86,944.971,2802.82,3195.74,4027.84,3804.48,3646.51,3987.24,4034.87,3513.77,3382.58,
87,944.971,2812.3,3195.74,4052.08,3826.12,3652.02,3987.24,4061.46,3531.34,3422.19,
88,944.971,2812.3,3195.74,4092.43,3855.26,3652.31,3987.24,4075.35,3547.25,3460.74,
89,944.971,2812.3,3195.74,4102.84,3865.42,3666.43,3987.39,4086.29,3561.68,3476.41,
90,944.971,2812.3,3199.08,4104.42,3879.27,3675.01,3987.24,4146.59,3571.46,3464.97,
91,944.971,2812.3,3201.54,4113.6,3879.27,3703.33,3987.24,4174.93,3585.5,3492.07,
92,944.971,2832.8,3207.1,4119.29,3879.27,3730.37,3987.4,4184.62,3609.35,3512.45,
93,944.971,2836.41,3207.1,4135.12,3879.27,3754.09,3992.09,4185.48,3611.56,3505.95,
94,944.971,2836.41,3207.1,4162.03,3879.27,3770.87,3993.9,4183.64,3638.96,3515.67,
95,944.971,2836.41,3207.1,4190.63,3879.27,3770.87,3993.67,4178.6,3652.9,3521.48,
96,944.971,2836.41,3207.1,4218.03,3879.27,3799.54,4011.62,4180.84,3663.26,3574.3,
97,944.971,2836.41,3207.1,4232.2,3879.27,3831.8,4039.46,4184.32,3666.65,3626.58,
98,944.971,2836.41,3207.1,4236.18,3879.27,3832.87,4035.59,4203.58,3667.06,3649.06,
99,944.971,2870.66,3207.1,4249.65,3885.97,3834.32,4048.46,4256.48,3662.57,3691.47,
100,944.971,2877.92,3207.1,4264.64,3901.08,3837.12,4052.71,4309.09,3667.76,3734.61,
101,944.971,2892.27,3207.1,4264.64,3927.4,3842.57,4054.35,4315.16,3655.72,3773.71,
102,944.971,2895.31,3207.1,4294.71,3990.35,3857.07,4058.62,4313.45,3668.63,3794.73,
103,944.971,2895.45,3207.1,4317.24,4044.48,3873.43,4066.18,4339.77,3663.24,3805.55,
104,944.971,2895.31,3207.1,4340.98,4088.68,3930.63,4061.5,4349.24,3686.78,3839.04,
105,944.971,2895.31,3207.1,4340.98,4171.1,3931,4077.06,4357.16,3699.18,3882.47,
106,944.971,2895.31,3207.1,4340.98,4183.22,3937.14,4113.35,4352.79,3717.18,3936.17,
107,944.971,2895.31,3208.66,4367.53,4183.02,3954.41,4152.87,4356.94,3721.75,3961.16,
108,944.971,2895.31,3207.28,4402.57,4183.11,3981.13,4157.81,4337.57,3768.99,3968.18,
109,944.971,2895.31,3207.1,4408.31,4183.2,4021.02,4176.4,4358.1,3796.38,3969.83,
110,944.971,2895.31,3207.1,4416.42,4183.02,4076.7,4221.1,4359.33,3821.13,3960.34,
111,944.971,2895.31,3207.1,4421.83,4183.02,4082.67,4286.17,4370.22,3840.6,3971.21,
112,944.971,2895.31,3207.1,4421.83,4183.02,4082.67,4290.36,4399.47,3843.03,3985.76,
113,944.971,2895.31,3207.1,4432.61,4183.02,4082.67,4310.95,4402.99,3842,4034.22,
114,944.971,2898.07,3207.42,4442.38,4183.02,4082.67,4320.29,4432.86,3835.92,4057.89,
115,944.971,2903.06,3208.59,4447.62,4183.02,4082.67,4320.74,4450.06,3823.57,4071.55,
116,944.971,2939.47,3209.44,4447.62,4183.02,4082.67,4309.81,4484.32,3799.2,4086.33,
117,944.971,2954.79,3209.73,4447.62,4183.02,4082.67,4304.66,4499.17,3810.29,4082.21,
118,944.971,2975.72,3246.18,4447.62,4184.48,4082.67,4308.23,4498.81,3829.84,4099.92,
119,944.971,3030.59,3262.4,4447.82,4184.44,4082.67,4320.08,4513,3798.16,4097.65,
120,944.971,3034.24,3275.83,4448.2,4204.87,4082.67,4323.19,4510.85,3800.62,4100.96,
121,944.971,3045.62,3289.67,4450.06,4235.35,4082.67,4333.98,4505.79,3798.54,4118.36,
122,944.971,3050.35,3320.06,4459.98,4248.32,4082.67,4357.33,4529.82,3801.11,4131.17,
123,944.971,3050.35,3348.93,4494.23,4252.76,4082.91,4379.67,4560.32,3797.22,4153.04,
124,944.971,3050.35,3427.17,4494.23,4252.76,4082.67,4407.43,4581.13,3800.5,4160.42,
125,944.971,3050.35,3493.96,4495.08,4257.62,4083.49,4423.12,4592.51,3808.37,4145.58,
126,944.971,3050.35,3503.68,4499.89,4278.49,4083.61,4449.18,4613.04,3808.56,4151.76,
127,944.971,3050.35,3515.77,4504.63,4304.92,4087.08,4449.76,4630.22,3810.65,4193.43,
128,944.971,3050.35,3515.77,4503.4,4304.92,4087.81,4449.76,4641.35,3798.86,4199.24,
129,944.971,3050.35,3515.77,4503.4,4304.92,4087.81,4449.76,4641.09,3787.66,4209.47,
130,944.971,3050.53,3515.77,4526.92,4305.98,4088.33,4449.76,4630.78,3805.33,4215.47,
131,944.971,3057.87,3515.77,4541.05,4312.27,4089.04,4449.76,4651.34,3807.75,4224.34,
132,944.971,3089.88,3515.77,4541.05,4334.39,4087.75,4451.15,4671.06,3820.92,4250.07,
133,944.971,3108.9,3515.77,4541.05,4359.6,4087.08,4450.78,4674.11,3820.66,4266.59,
134,944.971,3135.63,3515.77,4541.05,4376.42,4087.08,4449.76,4672.72,3825.23,4248.08,
135,944.971,3135.63,3515.77,4541.05,4380.83,4087.08,4450.38,4682.46,3821.82,4249.67,
136,944.971,3135.63,3515.77,4541.05,4380.09,4087.08,4449.76,4715.18,3849.5,4246.55,
137,944.971,3135.63,3515.77,4541.05,4392.98,4087.08,4449.76,4743.52,3856.6,4271.33,
138,944.971,3135.63,3518.73,4541.05,4423,4087.08,4449.76,4756.15,3896.73,4290.53,
139,944.971,3135.91,3519.25,4541.05,4461.17,4087.08,4449.76,4754.72,3934.41,4291.17,
140,944.971,3141.24,3519.25,4541.05,4484.41,4087.08,4449.76,4766.3,3952.8,4275.34,
141,944.971,3141.24,3519.25,4548.29,4496.27,4087.11,4449.76,4766.33,3946.46,4306.72,
142,944.971,3141.24,3519.25,4551.75,4501.62,4088.84,4449.76,4761.59,3972.65,4327.31,
143,944.971,3141.24,3519.25,4551.9,4506.98,4088.9,4449.76,4757.21,3977.38,4342.84,
144,944.971,3141.24,3519.25,4553.05,4506.98,4089.65,4449.76,4704.86,4019.85,4346.6,
145,944.971,3141.24,3519.25,4554.81,4506.98,4087.86,4449.76,4706.09,4040.7,4367.14,
146,944.971,3141.38,3519.25,4554.81,4506.98,4087.08,4449.76,4708.6,4094.72,4379.44,
147,944.971,3141.38,3520.1,4555.29,4506.98,4087.08,4449.82,4707.51,4108.84,4382.96,
148,944.971,3141.24,3520.5,4559.58,4506.98,4087.08,4450.44,4709.95,4121.06,4390.16,
149,944.971,3141.24,3521.69,4562.24,4507.05,4087.08,4452.62,4712.95,4126.79,4412.9,
150,944.971,3188.01,3524.58,4564.4,4507.05,4087.08,4470.28,4719.55,4131.49,4416.56,
151,944.971,3192.9,3543.97,4571.81,4506.98,4087.08,4498.17,4719.55,4158.23,4408.61,
152,944.971,3192.9,3555.63,4599.65,4506.98,4087.08,4507.52,4719.55,4167.92,4399.17,
153,944.971,3192.9,3555.91,4628.63,4506.98,4087.08,4527.34,4719.55,4192.92,4406.76,
154,944.971,3192.9,3557.56,4640.85,4506.98,4087.08,4545.8,4720.61,4206.62,4414.68,
155,944.971,3192.9,3557.83,4674.37,4506.98,4087.08,4547.31,4719.55,4210.26,4415.63,
156,944.971,3192.9,3594.86,4694.77,4507.06,4087.08,4578.98,4719.55,4239.48,4379.25,
157,944.971,3192.9,3618.59,4694.77,4506.98,4087.08,4597.39,4719.55,4244.48,4380.47,
158,944.971,3192.9,3618.59,4695.68,4506.98,4087.08,4635.59,4719.55,4255.93,4400.84,
159,944.971,3192.9,3618.59,4707.04,4506.98,4090.83,4654.87,4719.55,4232.89,4412.93,
160,944.971,3192.9,3618.59,4731.22,4506.98,4099.46,4661.46,4719.55,4257.86,4429.12,
161,944.971,3192.9,3618.59,4733.45,4506.98,4100.6,4657.7,4714.9,4224.97,4452.77,
162,944.971,3192.9,3618.59,4735.29,4506.98,4106.16,4661.62,4719.55,4187.38,4436,
163,944.971,3192.9,3618.59,4734.82,4506.98,4106.16,4683.64,4719.55,4164.58,4447.77,
164,944.971,3192.9,3618.59,4734.81,4506.98,4109.15,4702.52,4719.55,4135.48,4438.35,
165,944.971,3192.9,3618.59,4734.81,4506.98,4114.92,4704.14,4719.96,4153.66,4443.52,
166,944.971,3192.9,3618.59,4734.81,4509.23,4123.92,4714.15,4716.66,4207.73,4440.71,
167,944.971,3192.9,3618.59,4735.01,4506.98,4146.92,4711.78,4719.55,4223.97,4450.99,
168,944.971,3192.9,3618.59,4735.59,4506.98,4173.26,4708.45,4719.55,4222.5,4483.77,
169,944.971,3192.9,3637.54,4744.93,4506.98,4209.81,4721.14,4727.94,4237.1,4465.54,
170,944.971,3192.9,3651.55,4747.36,4506.98,4224.33,4747.23,4751.29,4235.49,4469.95,
171,944.971,3192.98,3651.66,4747.36,4506.98,4269.36,4776.63,4766.46,4235.18,4469.28,
172,944.971,3193,3651.55,4788.98,4506.98,4307.12,4802.17,4779.47,4236.41,4505.31,
173,944.971,3193.54,3679.78,4811.39,4506.98,4348.34,4810.7,4775.22,4241.9,4501.04,
174,944.971,3193.54,3689.19,4811.39,4506.98,4374.96,4808.4,4793.07,4256.95,4511.55,
175,944.971,3193.54,3689.19,4811.44,4506.98,4377.87,4814.64,4807.17,4279.52,4535.28,
176,944.971,3193.54,3689.24,4840.58,4506.98,4378.58,4817.9,4841.76,4301.59,4520.87,
177,944.971,3194.67,3691.85,4873.15,4506.98,4382.87,4819.39,4843.56,4323.2,4546.46,
178,944.971,3212.47,3716.27,4875.34,4506.98,4392.54,4819.64,4843.92,4365.42,4590.03,
179,944.971,3291.56,3738.86,4875.34,4510.33,4408.29,4820.64,4855.06,4390.13,4594.25,
180,944.971,3291.56,3738.86,4875.34,4533.5,4430.23,4822.09,4878.59,4418.42,4560.22,
181,944.971,3291.56,3759.18,4875.34,4540.77,4461.33,4824.87,4888.2,4414.7,4542.01,
182,944.971,3291.56,3764.26,4875.34,4543.22,4464,4825.54,4880.03,4423.07,4518.86,
183,944.971,3291.56,3765.25,4875.34,4549.75,4467.24,4825.91,4883.02,4416.38,4527.35,
184,944.971,3291.56,3774.14,4875.34,4569.13,4507.69,4825.77,4884.89,4421.02,4513.45,
185,944.971,3291.56,3787.62,4875.34,4568.54,4542.85,4824.62,4888.38,4431.31,4517.26,
186,944.971,3291.56,3793.63,4875.34,4568.54,4581.19,4826.78,4903.47,4440.02,4533.49,
187,944.971,3357.02,3793.63,4875.34,4568.54,4629.82,4823.02,4904.34,4428.82,4552.24,
188,944.971,3373.38,3793.67,4875.34,4578.21,4661.79,4825.1,4894.31,4441.85,4562.32,
189,944.971,3373.38,3830.45,4919.26,4620.65,4709.22,4826.78,4897.09,4430.88,4564.88,
190,944.971,3395.46,3846.61,4947.29,4678.16,4758.77,4826.78,4899.38,4437.23,4578.73,
191,944.971,3412.8,3857.57,4965.75,4702.45,4791.09,4826.78,4909.24,4449.25,4597.02,
192,944.971,3413.69,3892.77,4965.89,4724.14,4794.46,4826.78,4901.1,4430.26,4601.62,
193,944.971,3413.69,3892.77,4968.25,4732.18,4825.78,4826.78,4912.81,4462.33,4592.03,
194,944.971,3413.69,3909.92,4971.01,4738.52,4858.79,4826.78,4924.63,4474.57,4595.34,
195,944.971,3413.69,3918.17,4971.01,4744.11,4876.4,4826.78,4933.45,4503.45,4594.34,
196,944.971,3414.36,3918.73,4971.16,4759.8,4905.37,4826.78,4935.92,4511.32,4571,
197,944.971,3415.21,3935.64,4971.01,4771.58,4919.36,4826.48,4936.21,4531.89,4554.51,
198,944.971,3434.59,3947.62,4971.28,4776.53,4922.14,4826.78,4936.69,4570.68,4573.93,
199,944.971,3452.72,3962.29,4975.32,4783.93,4945.67,4826.78,4943.23,4598.27,4568.35,
200,944.971,3463.71,3970.54,4990.51,4813.32,4951.45,4826.78,4949.46,4625.18,4574.7,
201,944.971,3463.71,3974.05,4989.64,4857.97,4961.16,4826.78,4964.63,4630.39,4588.64,
202,944.971,3463.71,3974.05,4990.36,4863.72,4962.22,4826.78,4977.11,4647.33,4604.05,
203,944.971,3463.71,3981.04,4991.15,4863.72,4963.27,4826.78,5003.03,4659.61,4621.94,
204,944.971,3463.71,4019.02,4991.15,4863.72,4965.59,4826.78,5011.52,4671.04,4618.9,
205,944.971,3463.71,4019.02,4991.15,4865.68,4965.59,4826.78,5017.42,4675.27,4626.16,
206,944.971,3463.71,4019.02,4991.15,4864.18,4965.59,4850.03,5020.11,4680.44,4641.04,
207,944.971,3463.71,4019.02,4991.15,4865.58,4965.59,4878.44,5022.02,4678.1,4620.1,
208,944.971,3463.71,4019.3,4994.8,4873.59,4965.59,4875.24,5023.82,4684.99,4628.34,
209,944.971,3463.71,4019.02,5005,4882.44,4965.59,4878.44,5023.82,4689.76,4641.94,
210,944.971,3463.71,4019.02,5013,4882.44,4965.59,4878.44,5023.82,4679.59,4653.14,
211,944.971,3463.71,4019.02,5053.83,4882.44,4965.59,4878.44,5023.82,4677.4,4677.14,
212,944.971,3463.71,4019.02,5086.97,4882.61,4965.59,4878.44,5018.34,4650.59,4691.16,
213,944.971,3463.71,4019.94,5086.97,4882.44,4965.89,4878.44,4984.51,4633.96,4716.23,
214,944.971,3463.71,4049.21,5086.97,4882.44,4976.23,4878.44,5006.28,4622.51,4686.34,
215,944.971,3463.71,4087.41,5086.97,4882.44,4998.25,4879.1,4995.72,4607.46,4685.18,
216,944.971,3463.71,4091.75,5086.97,4882.44,5001.03,4878.87,4991.79,4603.25,4716.97,
217,944.971,3463.71,4102.56,5086.97,4882.44,5002.52,4879.68,4994.46,4600.6,4732.7,
218,944.971,3463.71,4105.26,5086.97,4882.44,5002.52,4878.06,4993.71,4599.67,4728.68,
219,944.971,3463.71,4105.26,5086.97,4882.44,5002.52,4879.16,4989.44,4608.18,4757.3,
220,944.971,3472.27,4105.26,5086.97,4882.44,5002.52,4888.11,4988.46,4607.49,4738.6,
221,944.971,3474.42,4106.86,5086.97,4882.44,5012.45,4914.21,4996.51,4599.09,4722.75,
222,944.971,3475.7,4148.37,5086.97,4882.44,5037.98,4934.15,4992.38,4609.52,4706.31,
223,944.971,3488.16,4177.96,5086.97,4882.44,5037.98,4934.02,4999.5,4621.21,4706.24,
224,944.971,3491.51,4199.42,5086.97,4882.44,5037.98,4936.54,5019.38,4627.7,4696.27,
225,944.971,3544.54,4199.42,5086.97,4882.44,5037.98,4936.02,5023.45,4626.29,4698.64,
226,944.971,3549.29,4199.42,5086.97,4882.44,5037.98,4942.72,5019.55,4627.32,4672.17,
227,944.971,3549.29,4199.42,5086.97,4882.44,5037.98,4943.51,5008.14,4637.05,4646.07,
228,944.971,3641.22,4199.42,5093.93,4882.44,5037.98,4943.58,5013.28,4652.87,4637.75,
229,944.971,3672.57,4199.42,5097.68,4882.44,5038.24,4943.58,5017.79,4665.8,4631.63,
230,944.971,3673.68,4199.42,5097.68,4882.44,5042.21,4946.75,5028.87,4665.8,4612.58,
231,944.971,3673.77,4199.42,5097.68,4882.44,5049.41,4974.87,5028.11,4674.05,4623.75,
232,944.971,3673.77,4199.42,5097.68,4882.44,5051.94,4974.74,5038.69,4657.12,4639.4,
233,944.971,3673.77,4199.42,5097.68,4882.44,5053.58,4984.5,5048.3,4637.26,4649.56,
234,944.971,3673.77,4199.42,5097.68,4882.44,5052.97,4994.12,5066.38,4637.9,4670.63,
235,944.971,3673.77,4199.42,5098.06,4882.44,5053.59,4990.22,5103.97,4634.59,4666.87,
236,944.971,3673.77,4199.42,5097.68,4882.44,5059.36,4995.07,5135.92,4613.65,4645.38,
237,944.971,3673.77,4199.42,5097.68,4882.44,5060.15,4994.48,5153.77,4615.47,4618.24,
238,944.971,3673.77,4199.42,5097.68,4882.44,5078.5,4995.24,5167.11,4633.79,4580.62,
239,944.971,3673.77,4199.42,5097.68,4882.44,5121.48,4995.24,5173.12,4616.06,4521.41,
240,944.971,3673.77,4199.42,5097.68,4882.44,5126.66,4995.24,5214.13,4632.14,4449.37,
241,944.971,3673.94,4199.42,5097.68,4882.44,5129.12,4995.24,5214.74,4664.14,4468.55,
242,944.971,3679.21,4199.42,5097.77,4882.44,5130.69,4995.24,5217.1,4677.32,4466.06,
243,944.971,3687.96,4199.42,5099.01,4882.44,5133.43,4995.24,5214.4,4685.28,4494.91,
244,944.971,3687.96,4199.42,5107.61,4882.44,5150.59,4995.24,5213.39,4677.9,4493.88,
245,944.971,3687.96,4199.42,5112.19,4888.87,5191.34,4995.07,5213.39,4689.71,4495.17,
246,944.971,3709.67,4199.42,5148.09,4893.15,5211.51,5005.62,5230.91,4707.11,4497.88,
247,944.971,3712.08,4199.42,5167.76,4893.74,5243.24,5011.54,5242.15,4686.18,4511.87,
248,944.971,3712.08,4199.42,5177.18,4899.84,5251.45,5036.75,5271.8,4686.88,4519,
249,944.971,3712.08,4199.42,5177.18,4906.65,5251.45,5017.37,5280.48,4683.83,4528.89,
250,944.971,3712.08,4199.42,5177.18,4907.3,5251.45,5036.75,5282.17,4692.78,4571.77,
251,944.971,3712.08,4199.42,5177.18,4906.65,5251.45,5036.75,5285.07,4712.19,4613.12,
252,944.971,3712.08,4199.42,5177.18,4906.65,5252.29,5036.75,5288.37,4723.03,4615,
253,944.971,3712.08,4199.42,5177.18,4928.86,5250.7,5036.75,5294.29,4723.03,4634.75,
254,944.971,3712.08,4199.42,5177.18,4968.53,5251.45,5036.75,5303.8,4723.03,4620.06,
255,944.971,3712.08,4199.42,5177.18,4973.95,5251.45,5036.75,5280.8,4723.03,4607.82,
256,944.971,3712.08,4199.42,5177.18,4973.97,5251.45,5036.75,5300.79,4723.03,4584.54,
257,944.971,3712.08,4199.42,5177.18,4973.97,5251.45,5036.75,5271.36,4723.03,4594.85,
258,944.971,3712.08,4237.17,5177.18,4973.97,5255.47,5023,5272.67,4691.44,4609.16,
259,944.971,3712.08,4246.6,5177.18,4974.51,5262.16,5036.75,5268.72,4723.03,4632.81,
260,944.971,3712.08,4246.6,5177.25,4973.97,5262.16,5036.75,5270.94,4723.03,4655.44,
261,944.971,3712.08,4246.6,5178.81,4973.97,5262.16,5036.75,5262.8,4706.34,4633.54,
262,944.971,3712.08,4246.6,5181.8,4973.97,5264.68,5025.8,5262.8,4689.96,4610.43,
263,944.971,3712.08,4246.6,5204.28,4973.97,5273.43,5011.84,5262.8,4723.42,4598.24,
264,944.971,3712.08,4246.6,5251.27,4973.97,5292.21,5019.41,5263.36,4731.66,4605.97,
265,944.971,3712.08,4247.17,5279.66,4973.97,5291.85,5018.97,5263.92,4752.98,4610.08,
266,944.971,3712.08,4253.08,5287.89,4973.97,5291.65,5024.2,5263.82,4767.44,4616.3,
267,944.971,3712.08,4257.86,5291.66,4973.97,5291.65,5024.04,5265.05,4781.06,4603.81,
268,944.971,3712.08,4257.86,5295.17,4973.97,5291.65,5030.14,5267,4782.9,4610.61,
269,944.971,3712.99,4257.86,5297.78,4973.97,5291.65,5037.74,5272.17,4781.8,4588.11,
270,944.971,3740.04,4257.86,5312.38,4973.97,5293.03,5037.25,5301.64,4798.46,4575.53,
271,944.971,3748.72,4265.09,5323.18,4973.97,5299.38,5037.25,5302.98,4796.55,4560.64,
272,944.971,3748.72,4268.57,5323.18,4973.97,5313.09,5037.63,5303.84,4795.86,4577.21,
273,944.971,3748.72,4268.57,5323.18,4973.97,5316.41,5039.76,5304.05,4773.43,4533.64,
274,944.971,3765.57,4268.57,5323.18,4973.97,5316.41,5015.41,5303.51,4790.64,4495.74,
275,944.971,3767.97,4268.57,5323.18,4973.97,5316.41,5034.37,5305.65,4775.01,4491.27,
276,944.971,3767.97,4307.7,5323.18,4973.97,5316.41,5040.51,5306.74,4782.63,4494,
277,944.971,3767.97,4320.23,5323.18,4973.97,5316.43,5041.77,5306.72,4789.08,4486.34,
278,944.971,3767.97,4320.23,5323.18,4973.97,5316.99,5041.77,5309.67,4804.09,4498.5,
279,944.971,3767.97,4320.23,5323.18,4974.2,5347.04,5041.77,5280.53,4794.95,4482.48,
280,944.971,3767.97,4353.49,5323.18,4973.97,5356.25,5015.96,5299.24,4781.06,4497.09,
281,944.971,3768.81,4370.45,5323.18,4973.97,5360.81,5033.8,5313.19,4788.84,4492.39,
282,944.971,3768.81,4370.45,5330.41,4973.97,5355.79,5034.61,5323.03,4784.02,4498.73,
283,944.971,3768.81,4370.45,5335.77,4973.97,5360.81,5012.51,5318.17,4777.28,4492.69,
284,944.971,3768.81,4370.45,5335.77,4973.97,5360.81,5021.31,5339.5,4788.4,4477.51,
285,944.971,3768.81,4370.45,5335.77,4973.97,5360.81,5028.56,5340.04,4784.64,4492.58,
286,944.971,3767.97,4370.45,5335.77,4973.97,5360.81,5027.71,5339.25,4776.33,4494.07,
287,944.971,3767.97,4370.45,5335.77,4973.97,5360.81,5027.47,5356.74,4763.05,4482.27,
288,944.971,3767.97,4370.45,5335.77,4973.97,5360.81,5027.47,5354.17,4766.21,4470.8,
289,944.971,3767.97,4379.71,5335.77,4973.97,5360.81,5027.47,5358.64,4774.23,4471.84,
290,944.971,3767.97,4379.71,5335.77,4975.24,5360.81,5027.47,5377.77,4774.23,4466.51,
291,944.971,3767.97,4379.71,5335.77,4974.5,5360.81,5027.47,5390.61,4779.85,4472.75,
292,944.971,3767.97,4379.71,5335.77,4973.97,5360.81,5027.47,5375.47,4775.2,4483.16,
293,944.971,3767.97,4379.71,5335.77,4973.97,5360.81,5027.47,5362.24,4774.23,4468.18,
294,944.971,3767.97,4412,5335.77,4973.97,5364.53,5021.98,5369.1,4774.23,4467.44,
295,944.971,3767.97,4431.37,5335.77,4973.97,5372.27,5027.47,5372.9,4774.23,4460.07,
296,944.971,3767.97,4431.37,5335.77,4974.08,5375.68,5027.47,5374.86,4774.23,4496.77,
297,944.971,3767.97,4431.37,5335.77,4975.42,5375.85,5022.44,5355.32,4774.23,4498.37,
298,944.971,3767.97,4431.37,5335.77,4978.88,5375.68,5020.37,5359.93,4780.97,4503.04,
299,944.971,3835.66,4431.37,5335.77,4982.59,5375.68,5027.18,5356.34,4780.97,4506.97,
300,944.971,3845.33,4431.37,5335.77,4982.59,5375.68,5033.84,5370.79,4779.68,4471.54,
301,944.971,3881.19,4431.37,5335.77,4982.59,5375.68,5042.06,5391.67,4778.94,4474.4,
302,944.971,3881.19,4431.37,5335.77,4982.59,5375.46,5042.43,5394.93,4774.8,4496.68,
303,944.971,3881.19,4431.37,5335.77,4982.59,5375.68,5038.68,5396.29,4777.56,4512.06,
304,944.971,3881.19,4431.37,5335.77,4982.59,5375.68,5029.97,5396.38,4781.19,4477.96,
305,944.971,3881.19,4431.37,5335.77,4982.59,5375.68,5042.43,5396.29,4762.36,4447.37,
306,944.971,3881.19,4431.37,5335.77,4982.59,5375.68,5043.67,5396.29,4777.27,4448.85,
307,944.971,3881.19,4431.37,5335.77,4982.59,5375.68,5020.43,5396.29,4777.27,4437.98,
308,944.971,3881.19,4431.37,5335.77,4982.59,5375.68,5027.86,5396.29,4777.27,4434.07,
309,944.971,3881.19,4431.37,5335.77,4982.59,5375.68,5049.03,5396.29,4777.27,4407.24,
310,944.971,3881.19,4431.37,5335.77,4982.59,5375.68,5049.84,5396.29,4777.27,4387.26,
311,944.971,3881.19,4431.37,5335.77,4982.59,5375.68,5053.63,5400.36,4777.27,4394.33,
312,944.971,3881.19,4431.37,5335.77,4982.59,5375.68,5053.37,5405.18,4777.27,4425.95,
313,944.971,3881.19,4431.37,5335.77,4982.59,5375.68,5063.16,5404.56,4777.27,4439.85,
314,944.971,3881.19,4431.37,5335.77,4982.59,5380.5,5062.72,5413.48,4777.27,4439.85,
315,944.971,3881.19,4431.37,5335.77,4982.59,5386.39,5062.56,5406.9,4777.27,4452.25,
316,944.971,3881.19,4431.37,5335.77,4982.59,5386.4,5062.93,5423.53,4777.27,4462.66,
317,944.971,3881.19,4431.37,5335.77,4982.75,5386.5,5062.86,5424.01,4777.27,4474.93,
318,944.971,3881.19,4431.37,5335.77,4983.63,5392.19,5062.86,5426.91,4777.27,4462.31,
319,944.971,3881.19,4431.37,5335.77,4984.41,5402.06,5062.72,5429.24,4777.27,4441.74,
320,944.971,3881.19,4431.37,5335.77,4982.59,5410.03,5062.72,5424.43,4777.27,4436.9,
321,944.971,3931.45,4431.37,5335.77,4982.59,5410.53,5065.67,5406.32,4777.27,4420.53,
322,944.971,3942.11,4431.37,5335.77,4982.59,5408.98,5081.42,5393.81,4777.27,4414.04,
323,944.971,3942.11,4431.37,5335.77,4982.59,5408.54,5112.69,5403.41,4777.27,4431.36,
324,944.971,3942.11,4431.37,5335.77,4982.59,5408.54,5112.69,5408.42,4777.27,4457.73,
325,944.971,3942.11,4431.37,5335.77,4982.59,5408.54,5112.69,5403.37,4777.27,4482.73,
326,944.971,3944.04,4431.37,5335.77,4982.59,5397.97,5112.69,5415.1,4777.36,4494.46,
327,944.971,3953.37,4431.37,5335.77,4982.59,5408.54,5112.69,5434.44,4777.65,4525.38,
328,944.971,3979.16,4431.37,5335.77,4982.59,5411.46,5112.69,5449.94,4777.27,4550.08,
329,944.971,3984.23,4439.94,5335.77,4982.64,5422.55,5112.69,5426.34,4777.27,4556.92,
330,944.971,3989.06,4442.08,5335.77,4983.75,5436.94,5112.69,5421.95,4777.27,4552.23,
331,944.971,3989.06,4442.18,5335.77,4984.79,5443.11,5112.69,5382.8,4777.27,4557.97,
332,944.971,3989.06,4448.11,5335.77,4984.79,5443.11,5112.69,5393.61,4777.27,4561.95,
333,944.971,4040.93,4473.05,5335.77,4984.98,5443.11,5112.69,5393.2,4777.27,4535.43,
334,944.971,4048.34,4473.05,5335.77,4992.73,5443.11,5112.69,5398.27,4777.27,4502.72,
335,944.971,4048.34,4473.05,5335.77,5001.65,5443.11,5112.69,5394,4777.27,4486.4,
336,944.971,4048.34,4473.05,5335.77,5001.65,5443.11,5112.69,5382.22,4777.27,4484.08,
337,944.971,4048.34,4473.05,5335.77,5001.65,5443.17,5112.69,5381.02,4777.27,4505.98,
338,944.971,4048.34,4473.05,5335.77,5001.65,5443.83,5112.69,5364.16,4777.27,4523.04,
339,944.971,4048.34,4473.53,5335.77,5001.65,5444.99,5115.49,5377.32,4777.27,4480.01,
340,944.971,4050.95,4476.26,5335.77,5001.65,5445.31,5121.3,5386.94,4777.27,4477.01,
341,944.971,4052.2,4476.26,5335.77,5001.65,5445.31,5121.3,5383.71,4777.27,4454.78,
342,944.971,4052.2,4476.5,5335.77,5001.65,5445.31,5121.3,5380.17,4777.27,4440.63,
343,944.971,4052.2,4507.2,5335.77,5001.65,5445.31,5121.3,5396.86,4777.27,4428.32,
344,944.971,4052.2,4525.04,5335.77,5001.65,5448.53,5121.3,5392.93,4777.27,4427.13,
345,944.971,4052.2,4575.2,5335.77,5001.65,5456.03,5121.3,5390.79,4777.27,4432.34,
346,944.971,4052.2,4607.84,5335.77,5001.65,5456.03,5121.3,5387,4777.27,4415.61,
347,944.971,4052.2,4607.84,5335.77,5001.65,5456.03,5121.3,5391.54,4777.27,4389.06,
348,944.971,4052.2,4607.84,5335.77,5001.65,5456.34,5121.3,5385.62,4777.27,4368.77,
349,944.971,4096.34,4607.84,5335.77,5002.66,5456.03,5121.3,5401.02,4777.27,4375.32,
350,944.971,4099.92,4607.84,5335.77,5015.62,5456.03,5121.3,5426.07,4777.27,4377.77,
351,944.971,4099.92,4607.84,5335.77,5052.54,5456.03,5121.3,5426.93,4777.36,4371.3,
352,944.971,4099.92,4607.84,5335.77,5062,5456.03,5121.3,5427.01,4777.56,4366.5,
353,944.971,4099.92,4607.84,5335.77,5062,5456.03,5121.3,5408.91,4777.27,4343.1,
354,944.971,4099.92,4607.84,5335.77,5062,5456.03,5121.3,5427.7,4754.48,4350.54,
355,944.971,4099.92,4607.84,5335.77,5062,5456.03,5121.3,5442.33,4727.11,4344.92,
356,944.971,4099.92,4607.84,5335.77,5062,5456.03,5121.3,5463.82,4752.57,4330.91,
357,944.971,4116.75,4607.84,5335.77,5062,5456.03,5121.3,5463.82,4777.27,4296.96,
358,944.971,4120.32,4607.84,5335.77,5062,5456.03,5121.3,5454.21,4777.49,4278.23,
359,944.971,4120.32,4607.84,5335.77,5062.52,5456.03,5121.3,5451.21,4777.27,4289.52,
360,944.971,4120.32,4607.84,5335.77,5064,5456.03,5121.3,5443.89,4777.27,4309.12,
361,944.971,4120.32,4607.84,5335.77,5070.72,5456.03,5121.3,5439.4,4777.27,4318.31,
362,944.971,4120.32,4607.84,5335.77,5078.19,5456.03,5121.3,5441.39,4777.27,4306.78,
363,944.971,4120.32,4607.84,5335.77,5078.19,5456.03,5121.3,5442.05,4777.27,4361.29,
364,944.971,4120.32,4607.84,5335.77,5078.19,5456.03,5121.3,5442.54,4777.27,4370.37,
365,944.971,4120.48,4607.84,5335.77,5078.19,5441.78,5121.3,5442.54,4777.27,4374.49,
366,944.971,4120.68,4607.84,5335.77,5078.19,5456.03,5121.3,5442.58,4777.27,4351.77,
367,944.971,4120.32,4607.84,5335.77,5078.19,5456.03,5121.3,5442.6,4777.27,4325.07,
368,944.971,4120.32,4607.84,5335.77,5078.19,5456.03,5121.3,5442.59,4777.27,4311.48,
369,944.971,4120.32,4607.84,5337.25,5078.19,5456.37,5121.3,5442.33,4777.53,4281.88,
370,944.971,4120.32,4607.84,5345.78,5078.19,5456.03,5121.3,5442.92,4777.27,4277.17,
371,944.971,4120.32,4607.84,5350.47,5078.19,5456.03,5121.3,5442.58,4777.27,4278.63,
372,944.971,4120.32,4607.84,5356.32,5078.19,5456.03,5121.3,5441.81,4777.27,4305.18,
373,944.971,4120.32,4607.84,5374.3,5078.19,5456.03,5121.3,5438.85,4777.27,4306.94,
374,944.971,4120.32,4607.9,5374.3,5078.19,5456.03,5121.3,5434.63,4731.32,4321.61,
375,944.971,4120.32,4607.9,5374.3,5078.19,5456.03,5121.3,5433.47,4764.35,4330.62,
376,944.971,4120.32,4607.99,5374.3,5078.72,5456.03,5121.3,5435.94,4724.14,4324.09,
377,944.971,4120.32,4612.35,5374.3,5078.19,5456.09,5121.3,5436.63,4720.09,4354.25,
378,944.971,4120.32,4626.39,5374.3,5078.19,5456.03,5121.3,5437.78,4704.89,4336.61,
379,944.971,4120.32,4626.39,5374.66,5078.21,5456.03,5121.3,5437.78,4697.02,4309.19,
380,944.971,4120.32,4626.39,5374.3,5078.19,5456.03,5121.3,5437.78,4693.89,4288.92,
381,944.971,4120.32,4626.39,5374.3,5078.19,5456.03,5121.3,5438.36,4679.5,4279.01,
382,944.971,4120.32,4626.39,5391.44,5078.19,5456.03,5121.3,5438.63,4692.81,4276.15,
383,944.971,4120.32,4626.39,5401.21,5078.19,5434.04,5121.3,5439.12,4689.33,4286.87,
384,944.971,4120.32,4626.39,5403.75,5078.19,5455.7,5121.3,5440.34,4658.84,4286.31,
385,944.971,4120.32,4626.39,5403.75,5078.19,5456.03,5121.3,5440.34,4687.38,4289.61,
386,944.971,4120.32,4626.39,5403.75,5078.19,5456.03,5121.3,5440.72,4689.4,4279.41,
387,944.971,4120.32,4626.39,5403.75,5078.19,5456.03,5121.3,5443.38,4689.4,4271.94,
388,944.971,4120.32,4626.39,5403.75,5078.19,5456.03,5121.3,5440.67,4689.4,4248,
389,944.971,4120.32,4626.39,5403.75,5078.19,5456.48,5121.3,5442.1,4689.28,4232.91,
390,944.971,4120.32,4626.39,5403.75,5078.19,5456.03,5121.3,5444.17,4689.4,4244.49,
391,944.971,4120.32,4626.39,5403.75,5078.19,5456.03,5121.3,5443.16,4689.4,4239.9,
392,944.971,4120.32,4626.39,5403.75,5079.28,5456.03,5121.3,5443.9,4689.4,4243.38,
393,944.971,4120.32,4626.39,5403.75,5081.31,5456.03,5121.3,5447.01,4689.4,4227.01,
394,944.971,4120.32,4626.39,5403.75,5081.31,5456.63,5121.3,5443.37,4689.4,4219.79,
395,944.971,4120.32,4626.39,5403.75,5081.31,5456.03,5121.3,5432.12,4691.47,4228.95,
396,944.971,4120.32,4626.39,5403.75,5081.31,5456.03,5121.3,5441.05,4690.13,4203.78,
397,944.971,4120.32,4626.39,5403.75,5081.31,5456.03,5121.3,5441.05,4689.48,4235.89,
398,944.971,4120.32,4626.39,5403.75,5081.31,5456.03,5121.3,5441.05,4689.4,4247.12,
399,944.971,4120.32,4626.39,5403.75,5081.31,5456.03,5121.3,5439.29,4689.4,4244.4,
400,944.971,4120.32,4626.39,5403.75,5081.31,5456.03,5121.3,5436.66,4689.4,4274.81,
401,944.971,4120.32,4626.39,5405.97,5081.31,5456.67,5121.3,5441.05,4689.4,4257.69,
402,944.971,4120.32,4626.39,5413.6,5081.31,5456.03,5121.3,5441.05,4689.4,4236.7,
403,944.971,4120.32,4626.39,5413.6,5081.31,5456.03,5121.3,5441.05,4692.45,4233.51,
404,944.971,4120.32,4626.39,5413.6,5081.31,5456.03,5121.3,5441.26,4691.94,4248.61,
405,944.971,4120.32,4626.39,5413.6,5081.31,5456.03,5121.3,5441.05,4689.4,4241.04,
406,944.971,4120.32,4626.39,5413.6,5081.31,5456.03,5121.3,5441.08,4693.84,4236.18,
407,944.971,4120.32,4626.39,5413.6,5081.31,5456.03,5121.3,5441.05,4688.96,4272.19,
408,944.971,4120.32,4626.39,5413.6,5083.94,5443.1,5121.3,5441.05,4687.87,4330.38,
409,944.971,4120.32,4626.39,5413.6,5085.22,5456.03,5121.3,5441.05,4688.98,4362.09,
410,944.971,4120.32,4626.39,5413.6,5085.7,5456.03,5121.3,5441.05,4689.4,4374.46,
411,944.971,4120.32,4628.34,5413.6,5086.08,5456.03,5121.3,5441.05,4689.4,4391.51,
412,944.971,4120.32,4629.17,5413.6,5086.08,5456.03,5121.3,5441.05,4689.4,4404.09,
413,944.971,4120.32,4629.17,5413.6,5086.08,5456.03,5121.3,5441.05,4690.92,4383.58,
414,944.971,4120.32,4629.17,5413.6,5086.11,5456.03,5121.3,5441.05,4690.92,4338.32,
415,944.971,4120.32,4629.17,5413.76,5086.61,5456.03,5121.3,5441.05,4694,4323.21,
416,944.971,4120.32,4629.17,5416.54,5087.2,5456.03,5121.3,5441.05,4689.54,4295.33,
417,944.971,4120.32,4629.17,5418.15,5089.25,5456.03,5121.3,5441.05,4689.4,4272,
418,944.971,4120.32,4629.17,5418.09,5089.92,5456.03,5121.3,5441.05,4689.4,4294.97,
419,944.971,4120.32,4629.17,5418.05,5089.92,5456.03,5121.3,5441.05,4689.4,4317.44,
420,944.971,4120.32,4629.17,5418.05,5089.92,5456.03,5121.42,5441.05,4689.73,4317.8,
421,944.971,4120.32,4629.17,5418.05,5089.92,5456.03,5121.3,5441.05,4689.4,4314.02,
422,944.971,4120.32,4629.17,5418.05,5090.28,5456.03,5121.3,5441.05,4689.4,4314.72,
423,944.971,4120.32,4629.17,5418.05,5091.1,5449.79,5121.3,5441.05,4689.4,4314.82,
424,944.971,4120.32,4629.17,5418.05,5091.4,5456.03,5121.5,5441.05,4700.08,4280.75,
425,944.971,4120.32,4629.17,5418.05,5091.1,5456.03,5121.3,5406.86,4693.04,4269.53,
426,944.971,4120.32,4629.17,5418.05,5091.1,5456.03,5121.3,5402.07,4697.73,4290.43,
427,944.971,4120.32,4629.17,5418.05,5091.1,5456.03,5121.3,5418.9,4689.4,4296.81,
428,944.971,4120.32,4629.17,5418.05,5091.1,5461.83,5121.3,5424.6,4689.4,4304.44,
429,944.971,4120.32,4629.17,5418.05,5091.1,5483.15,5121.3,5438.09,4689.4,4312.06,
430,944.971,4120.32,4629.17,5418.05,5095.95,5485.83,5121.3,5433.7,4689.4,4312.02,
431,944.971,4120.32,4629.17,5418.05,5105.69,5492.52,5121.3,5441.05,4689.4,4271.58,
432,944.971,4120.32,4629.17,5418.05,5117.72,5492.52,5121.3,5441.05,4689.4,4271.7,
433,944.971,4120.32,4629.17,5418.05,5125.32,5495.75,5121.3,5441.05,4689.4,4279.14,
434,944.971,4120.32,4629.17,5418.05,5125.32,5505.44,5121.3,5441.05,4689.4,4286.18,
435,944.971,4120.32,4629.17,5418.05,5125.32,5510.97,5121.3,5441.05,4691.27,4251.2,
436,944.971,4120.32,4629.17,5419.37,5125.32,5510.97,5121.3,5441.05,4690.89,4240.6,
437,944.971,4120.32,4635.86,5427.59,5125.32,5510.97,5121.3,5441.42,4689.38,4264.6,
438,944.971,4120.32,4639.88,5427.59,5125.32,5510.97,5121.3,5443.61,4689.4,4275.18,
439,944.971,4120.32,4639.88,5427.59,5125.32,5510.97,5121.32,5447.64,4689.4,4274.47,
440,944.971,4120.32,4639.88,5427.59,5125.32,5510.97,5121.32,5444.34,4689.4,4289.19,
441,944.971,4120.47,4639.88,5428.97,5125.32,5510.97,5121.37,5434.89,4689.4,4307.58,
442,944.971,4121.06,4639.88,5430.5,5137.88,5510.97,5121.37,5437.7,4689.4,4324.28,
443,944.971,4124.38,4639.88,5430.5,5153.94,5510.97,5121.34,5441.15,4689.4,4317.15,
444,944.971,4131.09,4639.88,5430.5,5161.59,5510.97,5124.58,5441.05,4689.4,4331.14,
445,944.971,4131.09,4639.88,5430.5,5166.83,5510.97,5124.04,5441.05,4689.4,4328.93,
446,944.971,4131.09,4639.88,5430.5,5184.41,5510.97,5128.87,5441.05,4689.4,4340.37,
447,944.971,4131.09,4639.88,5430.5,5197.63,5510.97,5132.08,5441.05,4680.24,4385.28,
448,944.971,4131.09,4639.88,5430.5,5197.63,5510.97,5132.08,5441.05,4689.4,4411.17,
449,944.971,4131.09,4639.88,5430.5,5207.74,5510.97,5129.39,5441.05,4689.4,4447.41,
450,944.971,4131.09,4639.88,5430.5,5223.8,5510.97,5129.93,5441.05,4685.01,4461.15,
451,944.971,4134.09,4639.88,5430.5,5226.83,5510.97,5132.08,5441.05,4689.33,4480.93,
452,944.971,4160.43,4639.88,5430.5,5226.83,5510.97,5129,5441.05,4690.28,4475.15,
453,944.971,4162.96,4639.88,5430.5,5227.07,5510.97,5126.33,5441.05,4689.4,4507.52,
454,944.971,4162.96,4639.88,5430.5,5226.83,5510.97,5128.04,5441.05,4689.4,4528.39,
455,944.971,4162.96,4639.88,5430.5,5226.9,5510.97,5128.84,5434.04,4689.4,4543.53,
456,944.971,4162.96,4639.88,5430.5,5226.83,5510.97,5132.08,5441.05,4689.4,4544.44,
457,944.971,4162.96,4639.88,5430.5,5233.06,5510.97,5132.08,5441.05,4689.4,4555.71,
458,944.971,4162.96,4639.88,5430.5,5239.44,5510.97,5132.08,5441.63,4681.29,4536.01,
459,944.971,4162.96,4639.88,5430.5,5237.54,5510.97,5132.08,5441.05,4678.46,4527.9,
460,944.971,4162.96,4639.88,5430.5,5237.54,5516.64,5102.07,5441.05,4685.76,4520.76,
461,944.971,4162.96,4639.88,5430.5,5237.54,5522.65,5132.08,5441.05,4684.24,4525.52,
462,944.971,4162.96,4639.89,5430.5,5237.54,5523.42,5132.08,5441.05,4684.69,4547.2,
463,944.971,4162.96,4641.51,5430.5,5237.54,5523.07,5132.08,5441.05,4684.69,4499.71,
464,944.971,4162.96,4661.71,5430.5,5237.54,5522.75,5132.08,5441.05,4672.38,4496.87,
465,944.971,4162.96,4693.71,5430.5,5237.54,5524.87,5132.08,5441.05,4684.12,4488.59,
466,944.971,4162.96,4693.71,5430.5,5237.54,5524.58,5132.17,5441.68,4684.7,4477.1,
467,944.971,4162.96,4693.71,5430.5,5237.54,5525.55,5132.08,5444.58,4685.6,4446.72,
468,944.971,4162.96,4693.71,5430.5,5237.54,5525.55,5132.08,5446.79,4684.69,4430.06,
469,944.971,4162.96,4693.71,5430.5,5237.54,5525.83,5132.08,5447.33,4684.69,4424.08,
470,944.971,4162.96,4693.71,5430.5,5237.54,5527.5,5132.08,5450.25,4688.37,4432.82,
471,944.971,4162.96,4693.71,5430.5,5237.54,5536.71,5128.3,5454.92,4689.11,4432.63,
472,944.971,4162.96,4693.71,5430.5,5237.54,5544.86,5132.08,5456.2,4687.55,4434.49,
473,944.971,4162.96,4693.71,5430.5,5238.25,5557.11,5132.08,5460.77,4684.69,4469.95,
474,944.971,4162.96,4693.71,5430.5,5246.03,5550.92,5127.02,5463.25,4684.69,4473.35,
475,944.971,4162.96,4693.71,5430.5,5265.83,5557.11,5132.08,5461.91,4684.69,4471.85,
476,944.971,4162.96,4693.71,5430.5,5265.83,5557.11,5132.08,5459.92,4684.69,4492.17,
477,944.971,4162.96,4693.71,5430.5,5265.83,5557.11,5128.59,5463.78,4684.69,4502.42,
478,944.971,4162.96,4693.71,5430.5,5266.31,5557.11,5132.18,5471.01,4684.69,4521.6,
479,944.971,4162.96,4693.71,5430.5,5268.23,5552.04,5131.37,5478.75,4684.69,4551.27,
480,944.971,4162.96,4693.71,5430.5,5273.58,5557.11,5127.77,5489.5,4684.69,4563.81,
481,944.971,4162.96,4693.71,5430.5,5278.94,5557.11,5132.08,5498.54,4684.69,4569.08,
482,944.971,4162.96,4693.71,5430.5,5278.94,5557.11,5132.08,5499.11,4684.69,4581.42,
483,944.971,4162.96,4693.71,5430.5,5278.94,5557.11,5128.59,5463.59,4684.69,4553.1,
484,944.971,4162.96,4693.71,5430.5,5278.94,5557.8,5128.84,5456.17,4675.99,4549.25,
485,944.971,4162.96,4693.71,5430.5,5278.94,5559.18,5132.08,5449.7,4684.69,4496.01,
486,944.971,4162.96,4693.71,5430.5,5278.94,5560.17,5132.08,5448.85,4684.73,4497.72,
487,944.971,4162.96,4693.71,5430.5,5278.94,5560.17,5124.94,5454.03,4684.72,4497.34,
488,944.971,4162.96,4693.71,5430.5,5278.94,5560.17,5132.08,5462.65,4662.87,4494.94,
489,944.971,4162.96,4693.71,5430.5,5278.94,5560.17,5132.08,5460.16,4674.12,4493.89,
490,944.971,4162.96,4693.71,5430.5,5278.94,5560.17,5129.38,5449.19,4684.8,4500.51,
491,944.971,4162.96,4693.71,5430.5,5278.94,5560.17,5131.01,5432.88,4684.76,4511.14,
492,944.971,4162.96,4693.83,5430.5,5279.53,5560.17,5132.08,5434.47,4684.69,4524.95,
493,944.971,4162.96,4696.16,5430.5,5285.62,5560.17,5128.46,5432.56,4684.96,4538.06,
494,944.971,4162.96,4698.16,5430.5,5302.76,5560.17,5132.08,5429.89,4684.69,4537.58,
495,944.971,4162.96,4698.16,5430.5,5302.76,5560.17,5108.21,5432.25,4685,4531.78,
496,944.971,4162.96,4698.16,5430.5,5302.76,5560.17,5125.49,5438.96,4680.33,4531.46,
497,944.971,4162.96,4698.16,5430.5,5302.76,5560.17,5126.77,5433.58,4687.72,4546.77,
498,944.971,4162.96,4708.36,5430.5,5302.76,5560.17,5132.08,5441.93,4686.43,4550.79,
499,944.971,4162.96,4714.49,5430.5,5302.76,5560.17,5130.2,5444.63,4686.43,4541.38,
500, , , , , , , , , , ,
